xof 0303txt 0032
template ColorRGBA {
 <35ff44e0-6c7c-11cf-8f52-0040333594a3>
 FLOAT red;
 FLOAT green;
 FLOAT blue;
 FLOAT alpha;
}

template ColorRGB {
 <d3e16e81-7835-11cf-8f52-0040333594a3>
 FLOAT red;
 FLOAT green;
 FLOAT blue;
}

template Material {
 <3d82ab4d-62da-11cf-ab39-0020af71e433>
 ColorRGBA faceColor;
 FLOAT power;
 ColorRGB specularColor;
 ColorRGB emissiveColor;
 [...]
}

template TextureFilename {
 <a42790e1-7810-11cf-8f52-0040333594a3>
 STRING filename;
}

template Frame {
 <3d82ab46-62da-11cf-ab39-0020af71e433>
 [...]
}

template Matrix4x4 {
 <f6f23f45-7686-11cf-8f52-0040333594a3>
 array FLOAT matrix[16];
}

template FrameTransformMatrix {
 <f6f23f41-7686-11cf-8f52-0040333594a3>
 Matrix4x4 frameMatrix;
}

template Vector {
 <3d82ab5e-62da-11cf-ab39-0020af71e433>
 FLOAT x;
 FLOAT y;
 FLOAT z;
}

template MeshFace {
 <3d82ab5f-62da-11cf-ab39-0020af71e433>
 DWORD nFaceVertexIndices;
 array DWORD faceVertexIndices[nFaceVertexIndices];
}

template Mesh {
 <3d82ab44-62da-11cf-ab39-0020af71e433>
 DWORD nVertices;
 array Vector vertices[nVertices];
 DWORD nFaces;
 array MeshFace faces[nFaces];
 [...]
}

template MeshNormals {
 <f6f23f43-7686-11cf-8f52-0040333594a3>
 DWORD nNormals;
 array Vector normals[nNormals];
 DWORD nFaceNormals;
 array MeshFace faceNormals[nFaceNormals];
}

template MeshMaterialList {
 <f6f23f42-7686-11cf-8f52-0040333594a3>
 DWORD nMaterials;
 DWORD nFaceIndexes;
 array DWORD faceIndexes[nFaceIndexes];
 [Material <3d82ab4d-62da-11cf-ab39-0020af71e433>]
}

template Coords2d {
 <f6f23f44-7686-11cf-8f52-0040333594a3>
 FLOAT u;
 FLOAT v;
}

template MeshTextureCoords {
 <f6f23f40-7686-11cf-8f52-0040333594a3>
 DWORD nTextureCoords;
 array Coords2d textureCoords[nTextureCoords];
}

template XSkinMeshHeader {
 <3cf169ce-ff7c-44ab-93c0-f78f62d172e2>
 WORD nMaxSkinWeightsPerVertex;
 WORD nMaxSkinWeightsPerFace;
 WORD nBones;
}

template SkinWeights {
 <6f0d123b-bad2-4167-a0d0-80224f25fabb>
 STRING transformNodeName;
 DWORD nWeights;
 array DWORD vertexIndices[nWeights];
 array FLOAT weights[nWeights];
 Matrix4x4 matrixOffset;
}

template AnimTicksPerSecond {
 <9e415a43-7ba6-4a73-8743-b73d47e88476>
 DWORD AnimTicksPerSecond;
}

template Animation {
 <3d82ab4f-62da-11cf-ab39-0020af71e433>
 [...]
}

template AnimationSet {
 <3d82ab50-62da-11cf-ab39-0020af71e433>
 [Animation <3d82ab4f-62da-11cf-ab39-0020af71e433>]
}

template FloatKeys {
 <10dd46a9-775b-11cf-8f52-0040333594a3>
 DWORD nValues;
 array FLOAT values[nValues];
}

template TimedFloatKeys {
 <f406b180-7b3b-11cf-8f52-0040333594a3>
 DWORD time;
 FloatKeys tfkeys;
}

template AnimationKey {
 <10dd46a8-775b-11cf-8f52-0040333594a3>
 DWORD keyType;
 DWORD nKeys;
 array TimedFloatKeys keys[nKeys];
}


Material _10_-_Default {
 1.000000;1.000000;1.000000;1.000000;;
 9.999999;
 0.000000;0.000000;0.000000;;
 0.000000;0.000000;0.000000;;

 TextureFilename {
  "Apron_Spiffos.png";
 }
}

Frame Dummy01 {
 

 FrameTransformMatrix {
  1.000000,0.000000,0.000000,0.000000,0.000000,-0.000000,-1.000000,0.000000,0.000000,1.000000,-0.000000,0.000000,0.000000,0.000000,0.000000,1.000000;;
 }

 Frame Bip01 {
  

  FrameTransformMatrix {
   -0.087155,0.982405,-0.165183,0.000000,-0.000001,0.165814,0.986157,0.000000,0.996195,0.085949,-0.014450,0.000000,-0.010000,-0.012284,0.490453,1.000000;;
  }

  Frame Bip01_Pelvis {
   

   FrameTransformMatrix {
    0.000000,1.000000,-0.000001,0.000000,-0.000001,0.000001,1.000000,0.000000,1.000000,0.000000,0.000001,0.000000,0.000000,0.000000,0.000000,1.000000;;
   }

   Frame Bip01_Spine {
    

    FrameTransformMatrix {
     0.984686,0.000002,-0.174337,0.000000,-0.000001,1.000000,0.000004,0.000000,0.174337,-0.000004,0.984686,0.000000,0.051619,0.000000,-0.000083,1.000000;;
    }

    Frame Bip01_Spine1 {
     

     FrameTransformMatrix {
      0.997819,0.052687,0.039774,0.000000,-0.044862,0.983198,-0.176942,0.000000,-0.048428,0.174771,0.983417,0.000000,0.106484,-0.000015,-0.000083,1.000000;;
     }

     Frame Bip01_Neck {
      

      FrameTransformMatrix {
       0.966067,-0.020835,0.257451,0.000000,0.025191,0.999590,-0.013632,0.000000,-0.257061,0.019655,0.966195,0.000000,0.130511,-0.000001,0.004626,1.000000;;
      }

      Frame Bip01_Head {
       

       FrameTransformMatrix {
        0.989321,-0.051753,-0.136255,0.000000,0.064251,0.993958,0.088989,0.000000,0.130826,-0.096793,0.986669,0.000000,0.033674,-0.000000,-0.000000,1.000000;;
       }
      }

      Frame Bip01_L_Clavicle {
       

       FrameTransformMatrix {
        -0.205975,0.976135,0.068811,0.000000,0.943873,0.216738,-0.249254,0.000000,-0.258220,0.013609,-0.965990,0.000000,-0.024734,0.015166,0.002017,1.000000;;
       }

       Frame Bip01_L_UpperArm {
        

        FrameTransformMatrix {
         0.385871,-0.777669,0.496320,0.000000,0.922466,0.332598,-0.196046,0.000000,-0.012616,0.533487,0.845714,0.000000,0.087086,-0.000000,-0.000000,1.000000;;
        }

        Frame Bip01_L_Forearm {
         

         FrameTransformMatrix {
          0.943939,0.000000,-0.330119,0.000000,0.000000,1.000000,-0.000000,0.000000,0.330119,-0.000000,0.943939,0.000000,0.137062,0.000000,0.000000,1.000000;;
         }

         Frame Bip01_L_Hand {
          

          FrameTransformMatrix {
           1.000000,-0.000000,0.000000,0.000000,0.000000,0.000796,1.000000,0.000000,0.000000,-1.000000,0.000796,0.000000,0.137062,0.000000,0.000000,1.000000;;
          }

          Frame Bip01_L_Finger0 {
           

           FrameTransformMatrix {
            0.690342,-0.181727,0.700288,0.000000,0.558537,0.749101,-0.356210,0.000000,-0.459853,0.637043,0.618637,0.000000,0.057681,-0.023605,-0.000272,1.000000;;
           }
          }

          Frame Bip01_L_Finger1 {
           

           FrameTransformMatrix {
            0.728079,-0.000546,0.685493,0.000000,0.000000,1.000000,0.000796,0.000000,-0.685493,-0.000580,0.728079,0.000000,0.084102,0.000000,0.000000,1.000000;;
           }
          }
         }
        }
       }
      }

      Frame Bip01_R_Clavicle {
       

       FrameTransformMatrix {
        -0.028509,-0.999573,-0.006461,0.000000,-0.965665,0.025871,0.258498,0.000000,-0.258220,0.013609,-0.965990,0.000000,-0.024080,-0.016250,0.001399,1.000000;;
       }

       Frame Bip01_R_UpperArm {
        

        FrameTransformMatrix {
         0.221390,0.975047,0.016433,0.000000,-0.974986,0.221654,-0.016512,0.000000,-0.019742,-0.012366,0.999729,0.000000,0.087086,0.000000,0.000000,1.000000;;
        }

        Frame Bip01_R_Forearm {
         

         FrameTransformMatrix {
          0.915660,-0.000000,-0.401954,0.000000,-0.000000,1.000000,-0.000000,0.000000,0.401954,-0.000000,0.915660,0.000000,0.137062,0.000000,0.000000,1.000000;;
         }

         Frame Bip01_R_Hand {
          

          FrameTransformMatrix {
           0.975195,-0.000000,-0.221346,0.000000,-0.221346,0.000796,-0.975195,0.000000,0.000176,1.000000,0.000777,0.000000,0.137062,-0.000000,0.000000,1.000000;;
          }

          Frame Bip01_R_Finger0 {
           

           FrameTransformMatrix {
            0.417774,-0.116941,0.900994,0.000000,-0.558537,0.749101,0.356210,0.000000,-0.716591,-0.652054,0.247639,0.000000,0.057681,0.023605,-0.000272,1.000000;;
           }
          }

          Frame Bip01_R_Finger1 {
           

           FrameTransformMatrix {
            0.352436,0.000745,0.935835,0.000000,0.000000,1.000000,-0.000796,0.000000,-0.935836,0.000281,0.352436,0.000000,0.084102,0.000000,0.000000,1.000000;;
           }
          }
         }
        }
       }
      }
     }

     Frame Bip01_BackPack {
      

      FrameTransformMatrix {
       0.180560,0.080500,-0.980264,0.000000,0.047560,0.994764,0.090451,0.000000,0.982413,-0.062954,0.175786,0.000000,0.063697,0.000003,-0.088856,1.000000;;
      }
     }
    }

    Frame Bip01_L_Thigh {
     

     FrameTransformMatrix {
      -0.888504,0.030427,0.457858,0.000000,-0.032107,-0.999476,0.004114,0.000000,0.457744,-0.011045,0.889016,0.000000,-0.050843,0.055225,-0.008917,1.000000;;
     }

     Frame Bip01_L_Calf {
      

      FrameTransformMatrix {
       0.942235,-0.000000,-0.334952,0.000000,-0.000000,1.000000,-0.000000,0.000000,0.334952,-0.000000,0.942235,0.000000,0.237500,0.000000,-0.000000,1.000000;;
      }

      Frame Bip01_L_Foot {
       

       FrameTransformMatrix {
        0.924325,-0.026487,0.380687,0.000000,-0.068962,0.969570,0.234901,0.000000,-0.375325,-0.243378,0.894371,0.000000,0.206841,0.000000,0.000000,1.000000;;
       }

       Frame Bip01_L_Toe0 {
        

        FrameTransformMatrix {
         0.000000,0.000000,1.000000,0.000000,0.000000,1.000000,-0.000000,0.000000,-1.000000,0.000000,0.000000,0.000000,0.065373,0.000000,0.066450,1.000000;;
        }
       }
      }
     }
    }

    Frame Bip01_R_Thigh {
     

     FrameTransformMatrix {
      -0.996965,0.030321,-0.071704,0.000000,-0.029454,-0.999480,-0.013113,0.000000,-0.072065,-0.010961,0.997340,0.000000,-0.050843,-0.055225,-0.008917,1.000000;;
     }

     Frame Bip01_R_Calf {
      

      FrameTransformMatrix {
       0.730239,0.000000,-0.683192,0.000000,0.000000,1.000000,0.000000,0.000000,0.683192,0.000000,0.730239,0.000000,0.237500,0.000000,0.000000,1.000000;;
      }

      Frame Bip01_R_Foot {
       

       FrameTransformMatrix {
        0.991957,0.087165,-0.091782,0.000000,-0.093276,0.993546,-0.064539,0.000000,0.085565,0.072581,0.993685,0.000000,0.206841,0.000000,0.000000,1.000000;;
       }

       Frame Bip01_R_Toe0 {
        

        FrameTransformMatrix {
         0.000000,0.000000,1.000000,0.000000,0.000000,1.000000,-0.000000,0.000000,-1.000000,0.000000,0.000000,0.000000,0.065373,0.000000,0.066450,1.000000;;
        }
       }
      }
     }
    }
   }

   Frame Bip01_DressFront {
    

    FrameTransformMatrix {
     -0.880185,-0.088339,0.466338,0.000000,0.121847,0.907542,0.401896,0.000000,-0.458725,0.410564,-0.788041,0.000000,-0.043935,0.001339,0.061057,1.000000;;
    }

    Frame Bip01_DressFront02 {
     

     FrameTransformMatrix {
      0.912593,0.000001,0.408870,0.000000,-0.000001,1.000000,-0.000000,0.000000,-0.408870,-0.000000,0.912593,0.000000,0.183378,-0.000000,-0.000120,1.000000;;
     }
    }
   }

   Frame Bip01_DressBack {
    

    FrameTransformMatrix {
     -0.886023,0.038029,0.462080,0.000000,0.191625,0.937561,0.290274,0.000000,-0.422190,0.345735,-0.837988,0.000000,-0.047673,-0.000048,-0.078302,1.000000;;
    }

    Frame Bip01_DressBack02 {
     

     FrameTransformMatrix {
      0.936852,0.174932,-0.302833,0.000000,-0.166408,0.984581,0.053939,0.000000,0.307600,-0.000139,0.951516,0.000000,0.176125,0.000000,-0.000103,1.000000;;
     }
    }
   }
  }

  Frame Bip01_Prop1 {
   

   FrameTransformMatrix {
    -0.233929,-0.108090,0.966227,0.000000,0.687222,0.684611,0.242967,0.000000,-0.687752,0.720849,-0.085868,0.000000,0.076452,-0.048658,-0.145664,1.000000;;
   }
  }

  Frame Bip01_Prop2 {
   

   FrameTransformMatrix {
    -0.163643,-0.967062,0.194966,0.000000,0.985576,-0.168906,-0.010564,0.000000,0.043147,0.190425,0.980753,0.000000,-0.138405,-0.102098,0.114818,1.000000;;
   }
  }
 }
}

Frame Translation_Data {
 

 FrameTransformMatrix {
  -0.000000,0.000000,-1.000000,0.000000,-1.000000,-0.000000,0.000000,0.000000,-0.000000,1.000000,0.000000,0.000000,0.000000,-0.000000,0.000000,1.000000;;
 }
}

Frame Bob_Apron {
 

 FrameTransformMatrix {
  1.000000,0.000000,0.000000,0.000000,0.000000,1.000000,0.000000,0.000000,0.000000,0.000000,1.000000,0.000000,0.000000,0.000000,0.000000,1.000000;;
 }

 Mesh Bob_Apron {
  367;
  0.076040;0.797920;0.013121;,
  0.049053;0.782773;-0.007242;,
  0.044019;0.804982;0.025130;,
  0.082552;0.773988;-0.004200;,
  0.088763;0.751736;-0.010877;,
  0.058129;0.713391;-0.048201;,
  0.053113;0.753395;-0.030675;,
  0.101837;0.707218;-0.007596;,
  0.030994;0.814111;0.076666;,
  0.056371;0.801237;0.087373;,
  0.064863;0.802456;0.067479;,
  0.034934;0.797078;0.098755;,
  0.048797;0.562861;-0.054534;,
  0.077105;0.517255;-0.047682;,
  0.045439;0.507128;-0.059281;,
  0.084871;0.570982;-0.020495;,
  0.065934;0.463843;-0.058702;,
  0.120439;0.365142;-0.012368;,
  0.082014;0.361591;-0.055462;,
  0.105410;0.467202;-0.014022;,
  0.092959;0.266277;-0.050992;,
  0.130940;0.270009;-0.008069;,
  0.098912;0.512074;-0.017320;,
  0.084512;0.609854;-0.006706;,
  0.060588;0.676938;-0.057686;,
  0.099613;0.671559;-0.009962;,
  0.055000;0.619741;-0.049765;,
  0.000040;0.677295;-0.066068;,
  0.000041;0.615970;-0.062129;,
  0.040293;0.816213;0.043169;,
  0.092427;0.541086;-0.021127;,
  0.074217;0.806164;0.037263;,
  -0.000007;0.561147;-0.062555;,
  0.000041;0.499400;-0.069240;,
  0.086834;0.571676;0.055220;,
  0.090191;0.596260;0.051003;,
  0.052426;0.594702;0.082845;,
  0.047057;0.569972;0.082850;,
  0.000040;0.594538;0.085377;,
  0.000040;0.568695;0.082564;,
  0.040293;0.816213;0.043169;,
  0.074217;0.806164;0.037263;,
  0.000055;0.815222;0.082028;,
  0.000040;0.714896;-0.056408;,
  0.000079;0.793522;0.103117;,
  0.082014;0.361591;-0.055462;,
  0.040483;0.266669;-0.060844;,
  0.020969;0.361349;-0.064746;,
  0.092959;0.266277;-0.050992;,
  0.065934;0.463843;-0.058702;,
  0.012736;0.453168;-0.071376;,
  0.045439;0.507128;-0.059281;,
  -0.075982;0.798270;0.013123;,
  -0.048833;0.783106;-0.007231;,
  -0.082500;0.774344;-0.004167;,
  -0.043799;0.805294;0.025141;,
  -0.088720;0.752088;-0.010823;,
  -0.058057;0.713388;-0.048202;,
  -0.101494;0.707226;-0.007691;,
  -0.053011;0.753754;-0.030672;,
  -0.030751;0.814110;0.076560;,
  -0.055625;0.801546;0.087256;,
  -0.040501;0.797084;0.098645;,
  -0.068562;0.802346;0.067442;,
  -0.043547;0.562871;-0.054621;,
  -0.077030;0.517239;-0.047683;,
  -0.085043;0.570962;-0.020667;,
  -0.050236;0.514141;-0.062049;,
  -0.065851;0.463842;-0.058704;,
  -0.120360;0.365142;-0.012368;,
  -0.105330;0.467202;-0.014022;,
  -0.081926;0.361590;-0.055466;,
  -0.092868;0.266275;-0.050996;,
  -0.130852;0.270009;-0.008044;,
  -0.099072;0.512074;-0.017320;,
  -0.084357;0.609894;-0.006748;,
  -0.060506;0.676941;-0.057686;,
  -0.055047;0.619645;-0.049764;,
  -0.099622;0.671619;-0.010185;,
  -0.040046;0.816526;0.043143;,
  -0.092572;0.540982;-0.020977;,
  -0.074074;0.806594;0.037033;,
  -0.087986;0.571686;0.055251;,
  -0.091348;0.596254;0.051027;,
  -0.052310;0.594713;0.082852;,
  -0.046952;0.569969;0.082856;,
  0.000040;0.594538;0.085377;,
  0.000040;0.568695;0.082564;,
  -0.040046;0.816526;0.043143;,
  -0.074074;0.806594;0.037033;,
  0.000055;0.815222;0.082028;,
  0.000079;0.793522;0.103117;,
  -0.023152;0.361275;-0.064388;,
  0.000036;0.268315;-0.063479;,
  -0.041972;0.266615;-0.060537;,
  0.000046;0.361902;-0.067968;,
  -0.013593;0.453326;-0.071143;,
  0.000046;0.451150;-0.074333;,
  0.000041;0.499400;-0.069240;,
  -0.050236;0.514141;-0.062049;,
  -0.065851;0.463842;-0.058704;,
  -0.081926;0.361590;-0.055466;,
  -0.092868;0.266275;-0.050996;,
  0.000036;0.268315;-0.063479;,
  0.020969;0.361349;-0.064746;,
  0.040483;0.266669;-0.060844;,
  0.000046;0.361902;-0.067968;,
  0.081160;0.768714;0.007414;,
  0.076040;0.797920;0.013121;,
  0.075943;0.787247;0.016364;,
  0.082552;0.773988;-0.004200;,
  0.074217;0.806164;0.037263;,
  0.073107;0.793454;0.035265;,
  0.073107;0.793454;0.035265;,
  0.064863;0.802456;0.067479;,
  0.063801;0.793317;0.068146;,
  0.074217;0.806164;0.037263;,
  0.056371;0.801237;0.087373;,
  0.055411;0.790499;0.085362;,
  0.034934;0.797078;0.098755;,
  0.032194;0.786446;0.093857;,
  0.000079;0.793522;0.103117;,
  0.000048;0.783206;0.097278;,
  0.000048;0.783206;0.097278;,
  -0.040501;0.797084;0.098645;,
  -0.037539;0.786418;0.093793;,
  0.000079;0.793522;0.103117;,
  -0.055625;0.801546;0.087256;,
  -0.054901;0.790490;0.085470;,
  -0.068562;0.802346;0.067442;,
  -0.067097;0.793567;0.068569;,
  -0.074074;0.806594;0.037033;,
  -0.073151;0.793524;0.035061;,
  -0.073151;0.793524;0.035061;,
  -0.075982;0.798270;0.013123;,
  -0.075936;0.787217;0.016421;,
  -0.074074;0.806594;0.037033;,
  -0.082500;0.774344;-0.004167;,
  -0.081146;0.768678;0.007510;,
  -0.088720;0.752088;-0.010823;,
  -0.086955;0.751414;0.000473;,
  -0.101494;0.707226;-0.007691;,
  -0.095034;0.706374;0.003787;,
  -0.099622;0.671619;-0.010185;,
  -0.090584;0.671599;0.001145;,
  -0.084357;0.609894;-0.006748;,
  -0.083745;0.612575;0.003831;,
  -0.083745;0.612575;0.003831;,
  -0.091348;0.596254;0.051027;,
  -0.081825;0.600852;0.042896;,
  -0.084357;0.609894;-0.006748;,
  -0.052310;0.594713;0.082852;,
  -0.047460;0.599413;0.068445;,
  0.000040;0.594538;0.085377;,
  0.000000;0.599022;0.070426;,
  0.000000;0.599022;0.070426;,
  0.052426;0.594702;0.082845;,
  0.047460;0.599413;0.068446;,
  0.000040;0.594538;0.085377;,
  0.090191;0.596260;0.051003;,
  0.080612;0.600851;0.042902;,
  0.084512;0.609854;-0.006706;,
  0.082530;0.612592;0.003819;,
  0.082530;0.612592;0.003819;,
  0.099613;0.671559;-0.009962;,
  0.085947;0.671640;0.001270;,
  0.084512;0.609854;-0.006706;,
  0.101837;0.707218;-0.007596;,
  0.094890;0.706152;0.003923;,
  0.088763;0.751736;-0.010877;,
  0.086953;0.751455;0.000342;,
  0.039397;0.795515;0.023148;,
  0.049053;0.782773;-0.007242;,
  0.043896;0.777352;-0.001258;,
  0.044019;0.804982;0.025130;,
  0.053113;0.753395;-0.030675;,
  0.046653;0.749621;-0.019414;,
  0.000039;0.752012;-0.035522;,
  -0.000001;0.751970;-0.024674;,
  -0.053011;0.753754;-0.030672;,
  -0.046634;0.749594;-0.019381;,
  -0.048833;0.783106;-0.007231;,
  -0.043693;0.777201;-0.001162;,
  -0.043799;0.805294;0.025141;,
  -0.039186;0.795315;0.023245;,
  -0.040046;0.816526;0.043143;,
  -0.035024;0.805827;0.040373;,
  -0.035024;0.805827;0.040373;,
  -0.030751;0.814110;0.076560;,
  -0.026577;0.805483;0.069878;,
  -0.040046;0.816526;0.043143;,
  0.000055;0.815222;0.082028;,
  -0.000000;0.806944;0.074089;,
  -0.000000;0.806944;0.074089;,
  0.030994;0.814111;0.076666;,
  0.026577;0.805483;0.069878;,
  0.000055;0.815222;0.082028;,
  0.040293;0.816213;0.043169;,
  0.035206;0.806085;0.040362;,
  0.035206;0.806085;0.040362;,
  0.040293;0.816213;0.043169;,
  0.079061;0.571276;0.047298;,
  0.047057;0.569972;0.082850;,
  0.043281;0.569753;0.069071;,
  0.086834;0.571676;0.055220;,
  0.000040;0.568695;0.082564;,
  0.000000;0.568840;0.069099;,
  0.000000;0.568840;0.069099;,
  -0.046952;0.569969;0.082856;,
  -0.043271;0.569754;0.069075;,
  0.000040;0.568695;0.082564;,
  -0.087986;0.571686;0.055251;,
  -0.080269;0.571285;0.047335;,
  -0.085043;0.570962;-0.020667;,
  -0.082067;0.567340;-0.004870;,
  -0.082067;0.567340;-0.004870;,
  -0.092572;0.540982;-0.020977;,
  -0.085848;0.539721;-0.002895;,
  -0.085043;0.570962;-0.020667;,
  -0.099072;0.512074;-0.017320;,
  -0.091708;0.511916;0.000436;,
  -0.105330;0.467202;-0.014022;,
  -0.095813;0.467196;0.004114;,
  -0.120360;0.365142;-0.012368;,
  -0.109789;0.364712;0.006102;,
  -0.130852;0.270009;-0.008044;,
  -0.119738;0.268929;0.010860;,
  -0.119738;0.268929;0.010860;,
  -0.130852;0.270009;-0.008044;,
  -0.092868;0.266275;-0.050996;,
  0.119791;0.268923;0.010907;,
  0.092959;0.266277;-0.050992;,
  0.130940;0.270009;-0.008069;,
  0.119791;0.268923;0.010907;,
  0.120439;0.365142;-0.012368;,
  0.109789;0.364714;0.006102;,
  0.130940;0.270009;-0.008069;,
  0.105410;0.467202;-0.014022;,
  0.095813;0.467196;0.004114;,
  0.095813;0.467196;0.004114;,
  0.098912;0.512074;-0.017320;,
  0.091709;0.511903;0.000438;,
  0.105410;0.467202;-0.014022;,
  0.092427;0.541086;-0.021127;,
  0.086488;0.539782;-0.002975;,
  0.098912;0.512074;-0.017320;,
  0.084871;0.570982;-0.020495;,
  0.080858;0.567347;-0.004864;,
  0.080858;0.567347;-0.004864;,
  0.084871;0.570982;-0.020495;,
  0.050112;0.713138;-0.032928;,
  -0.000001;0.751970;-0.024674;,
  -0.000000;0.714854;-0.039412;,
  0.046653;0.749621;-0.019414;,
  -0.000000;0.714854;-0.039412;,
  -0.046634;0.749594;-0.019381;,
  -0.050112;0.713138;-0.032928;,
  -0.000001;0.751970;-0.024674;,
  0.000039;0.752012;-0.035522;,
  0.065934;0.463843;-0.032169;,
  0.109789;0.364714;0.006102;,
  0.095813;0.467196;0.004114;,
  0.082014;0.361591;-0.028930;,
  0.092959;0.266277;-0.024460;,
  0.119791;0.268923;0.010907;,
  0.077105;0.517255;-0.021150;,
  0.091709;0.511903;0.000438;,
  0.045439;0.507128;-0.032748;,
  0.082014;0.361591;-0.028930;,
  0.040483;0.266669;-0.034312;,
  0.092959;0.266277;-0.024460;,
  0.020969;0.361349;-0.038213;,
  0.065934;0.463843;-0.032169;,
  0.012736;0.453168;-0.044843;,
  0.045439;0.507128;-0.032748;,
  -0.065851;0.463842;-0.032171;,
  -0.109789;0.364712;0.006102;,
  -0.081926;0.361590;-0.028934;,
  -0.095813;0.467196;0.004114;,
  -0.092868;0.266275;-0.024463;,
  -0.119738;0.268929;0.010860;,
  -0.077030;0.517239;-0.021150;,
  -0.091708;0.511916;0.000436;,
  -0.045349;0.507196;-0.032755;,
  -0.023152;0.361275;-0.037856;,
  0.000036;0.268315;-0.036947;,
  0.000046;0.361902;-0.041435;,
  -0.041972;0.266615;-0.034004;,
  -0.013593;0.453326;-0.044611;,
  0.000046;0.451150;-0.047801;,
  0.000041;0.499400;-0.047065;,
  -0.045349;0.507196;-0.032755;,
  -0.065851;0.463842;-0.032171;,
  -0.081926;0.361590;-0.028934;,
  -0.092868;0.266275;-0.024463;,
  -0.092868;0.266275;-0.024463;,
  -0.119738;0.268929;0.010860;,
  -0.092868;0.266275;-0.050996;,
  -0.041972;0.266615;-0.034004;,
  -0.092868;0.266275;-0.050996;,
  -0.041972;0.266615;-0.060537;,
  -0.092868;0.266275;-0.024463;,
  0.000036;0.268315;-0.036947;,
  -0.041972;0.266615;-0.060537;,
  0.000036;0.268315;-0.063479;,
  -0.041972;0.266615;-0.034004;,
  0.092959;0.266277;-0.024460;,
  0.092959;0.266277;-0.050992;,
  0.119791;0.268923;0.010907;,
  0.000036;0.268315;-0.036947;,
  0.040483;0.266669;-0.034312;,
  0.092959;0.266277;-0.050992;,
  0.092959;0.266277;-0.024460;,
  0.048797;0.562861;-0.035032;,
  0.077105;0.517255;-0.021150;,
  0.080858;0.567347;-0.004864;,
  0.045439;0.507128;-0.032748;,
  0.082530;0.612592;0.003819;,
  0.060588;0.676938;-0.032961;,
  0.055000;0.619741;-0.030407;,
  0.085947;0.671640;0.001270;,
  0.000040;0.677295;-0.041343;,
  0.000041;0.615970;-0.037404;,
  0.080858;0.567347;-0.004864;,
  0.077105;0.517255;-0.021150;,
  0.086488;0.539782;-0.002975;,
  0.086488;0.539782;-0.002975;,
  0.091709;0.511903;0.000438;,
  0.045439;0.507128;-0.032748;,
  -0.000007;0.561147;-0.043053;,
  0.000041;0.499400;-0.047065;,
  0.048797;0.562861;-0.035032;,
  0.055000;0.619741;-0.030407;,
  0.080858;0.567347;-0.004864;,
  0.082530;0.612592;0.003819;,
  0.048797;0.562861;-0.035032;,
  0.058130;0.713391;-0.023477;,
  0.000040;0.677295;-0.041343;,
  0.060588;0.676938;-0.032961;,
  0.000040;0.714896;-0.031683;,
  0.094890;0.706152;0.003923;,
  0.085947;0.671640;0.001270;,
  0.000041;0.615970;-0.037404;,
  -0.000007;0.561147;-0.043053;,
  -0.043547;0.562871;-0.035119;,
  -0.077030;0.517239;-0.021150;,
  -0.045349;0.507196;-0.032755;,
  -0.082067;0.567340;-0.004870;,
  -0.083745;0.612575;0.003831;,
  -0.060506;0.676941;-0.032962;,
  -0.090584;0.671599;0.001145;,
  -0.055047;0.619645;-0.030407;,
  -0.082067;0.567340;-0.004870;,
  -0.085848;0.539721;-0.002895;,
  -0.077030;0.517239;-0.021150;,
  -0.091708;0.511916;0.000436;,
  -0.000007;0.561147;-0.043053;,
  -0.043547;0.562871;-0.035119;,
  0.000041;0.499400;-0.047065;,
  -0.055047;0.619645;-0.030407;,
  -0.082067;0.567340;-0.004870;,
  -0.043547;0.562871;-0.035119;,
  -0.083745;0.612575;0.003831;,
  -0.058057;0.713388;-0.023477;,
  -0.060506;0.676941;-0.032962;,
  -0.095034;0.706374;0.003787;,
  -0.090584;0.671599;0.001145;;
  312;
  3;0,1,2;,
  3;1,0,3;,
  3;4,5,6;,
  3;5,4,7;,
  3;8,9,10;,
  3;9,8,11;,
  3;12,13,14;,
  3;13,12,15;,
  3;16,17,18;,
  3;17,16,19;,
  3;17,20,18;,
  3;20,17,21;,
  3;19,13,22;,
  3;13,19,16;,
  3;23,24,25;,
  3;24,23,26;,
  3;27,26,28;,
  3;26,27,24;,
  3;10,29,8;,
  3;13,16,14;,
  3;15,30,13;,
  3;30,22,13;,
  3;29,10,31;,
  3;14,32,12;,
  3;32,14,33;,
  3;26,15,12;,
  3;15,26,23;,
  3;23,34,15;,
  3;34,23,35;,
  3;34,36,37;,
  3;36,34,35;,
  3;37,38,39;,
  3;38,37,36;,
  3;40,41,2;,
  3;2,41,0;,
  3;42,11,8;,
  3;5,27,43;,
  3;27,5,24;,
  3;24,7,25;,
  3;7,24,5;,
  3;6,3,4;,
  3;3,6,1;,
  3;42,44,11;,
  3;12,28,26;,
  3;28,12,32;,
  3;45,46,47;,
  3;46,45,48;,
  3;49,47,50;,
  3;47,49,45;,
  3;50,51,49;,
  3;52,53,54;,
  3;53,52,55;,
  3;56,57,58;,
  3;57,56,59;,
  3;60,61,62;,
  3;61,60,63;,
  3;64,65,66;,
  3;65,64,67;,
  3;68,69,70;,
  3;69,68,71;,
  3;69,72,73;,
  3;72,69,71;,
  3;70,65,68;,
  3;65,70,74;,
  3;75,76,77;,
  3;76,75,78;,
  3;27,77,76;,
  3;77,27,28;,
  3;63,60,79;,
  3;65,67,68;,
  3;66,65,80;,
  3;80,65,74;,
  3;79,81,63;,
  3;67,32,33;,
  3;32,67,64;,
  3;77,66,75;,
  3;66,77,64;,
  3;75,82,83;,
  3;82,75,66;,
  3;82,84,83;,
  3;84,82,85;,
  3;85,86,84;,
  3;86,85,87;,
  3;88,55,89;,
  3;55,52,89;,
  3;90,60,62;,
  3;57,27,76;,
  3;27,57,43;,
  3;76,58,57;,
  3;58,76,78;,
  3;59,54,53;,
  3;54,59,56;,
  3;90,62,91;,
  3;28,64,77;,
  3;64,28,32;,
  3;92,93,94;,
  3;93,92,95;,
  3;96,95,92;,
  3;95,96,97;,
  3;98,96,99;,
  3;99,96,100;,
  3;96,98,97;,
  3;92,100,96;,
  3;100,92,101;,
  3;94,101,92;,
  3;101,94,102;,
  3;98,50,97;,
  3;50,98,51;,
  3;95,50,47;,
  3;50,95,97;,
  3;103,104,105;,
  3;104,103,106;,
  3;107,108,109;,
  3;108,107,110;,
  3;109,111,112;,
  3;111,109,108;,
  3;113,114,115;,
  3;114,113,116;,
  3;115,117,118;,
  3;117,115,114;,
  3;118,119,120;,
  3;119,118,117;,
  3;120,121,122;,
  3;121,120,119;,
  3;123,124,125;,
  3;124,123,126;,
  3;125,127,128;,
  3;127,125,124;,
  3;128,129,130;,
  3;129,128,127;,
  3;130,131,132;,
  3;131,130,129;,
  3;133,134,135;,
  3;134,133,136;,
  3;135,137,138;,
  3;137,135,134;,
  3;138,139,140;,
  3;139,138,137;,
  3;140,141,142;,
  3;141,140,139;,
  3;142,143,144;,
  3;143,142,141;,
  3;144,145,146;,
  3;145,144,143;,
  3;147,148,149;,
  3;148,147,150;,
  3;149,151,152;,
  3;151,149,148;,
  3;152,153,154;,
  3;153,152,151;,
  3;155,156,157;,
  3;156,155,158;,
  3;157,159,160;,
  3;159,157,156;,
  3;160,161,162;,
  3;161,160,159;,
  3;163,164,165;,
  3;164,163,166;,
  3;165,167,168;,
  3;167,165,164;,
  3;168,169,170;,
  3;169,168,167;,
  3;170,110,107;,
  3;110,170,169;,
  3;171,172,173;,
  3;172,171,174;,
  3;173,175,176;,
  3;175,173,172;,
  3;176,177,178;,
  3;177,176,175;,
  3;178,179,180;,
  3;179,178,177;,
  3;180,181,182;,
  3;181,180,179;,
  3;182,183,184;,
  3;183,182,181;,
  3;184,185,186;,
  3;185,184,183;,
  3;187,188,189;,
  3;188,187,190;,
  3;189,191,192;,
  3;191,189,188;,
  3;193,194,195;,
  3;194,193,196;,
  3;195,197,198;,
  3;197,195,194;,
  3;199,174,171;,
  3;174,199,200;,
  3;201,202,203;,
  3;202,201,204;,
  3;203,205,206;,
  3;205,203,202;,
  3;207,208,209;,
  3;208,207,210;,
  3;209,211,212;,
  3;211,209,208;,
  3;212,213,214;,
  3;213,212,211;,
  3;215,216,217;,
  3;216,215,218;,
  3;217,219,220;,
  3;219,217,216;,
  3;220,221,222;,
  3;221,220,219;,
  3;222,223,224;,
  3;223,222,221;,
  3;224,225,226;,
  3;225,224,223;,
  3;227,228,229;,
  3;230,231,232;,
  3;233,234,235;,
  3;234,233,236;,
  3;235,237,238;,
  3;237,235,234;,
  3;239,240,241;,
  3;240,239,242;,
  3;241,243,244;,
  3;243,241,245;,
  3;244,246,247;,
  3;246,244,243;,
  3;248,204,201;,
  3;204,248,249;,
  3;250,251,252;,
  3;251,250,253;,
  3;254,255,256;,
  3;255,254,257;,
  3;57,258,43;,
  3;258,57,59;,
  3;43,6,5;,
  3;6,43,258;,
  3;259,260,261;,
  3;260,259,262;,
  3;260,263,264;,
  3;263,260,262;,
  3;261,265,259;,
  3;265,261,266;,
  3;265,267,259;,
  3;268,269,270;,
  3;269,268,271;,
  3;272,271,268;,
  3;271,272,273;,
  3;273,272,274;,
  3;275,276,277;,
  3;276,275,278;,
  3;276,279,277;,
  3;279,276,280;,
  3;278,281,282;,
  3;281,278,275;,
  3;281,275,283;,
  3;284,285,286;,
  3;285,284,287;,
  3;288,286,289;,
  3;286,288,284;,
  3;290,291,288;,
  3;291,292,288;,
  3;288,289,290;,
  3;284,292,293;,
  3;292,284,288;,
  3;287,293,294;,
  3;293,287,284;,
  3;290,289,273;,
  3;273,274,290;,
  3;286,273,289;,
  3;273,286,271;,
  3;285,271,286;,
  3;271,285,269;,
  3;295,296,297;,
  3;298,299,300;,
  3;299,298,301;,
  3;302,303,304;,
  3;303,302,305;,
  3;306,307,308;,
  3;309,105,310;,
  3;105,309,103;,
  3;310,311,312;,
  3;311,310,105;,
  3;313,314,315;,
  3;314,313,316;,
  3;317,318,319;,
  3;318,317,320;,
  3;321,319,318;,
  3;319,321,322;,
  3;323,324,325;,
  3;326,314,327;,
  3;328,329,330;,
  3;329,328,331;,
  3;332,333,334;,
  3;333,332,335;,
  3;336,337,338;,
  3;337,336,339;,
  3;338,340,336;,
  3;340,338,341;,
  3;335,342,343;,
  3;342,335,332;,
  3;344,345,346;,
  3;345,344,347;,
  3;348,349,350;,
  3;349,348,351;,
  3;321,351,322;,
  3;351,321,349;,
  3;352,353,354;,
  3;353,355,354;,
  3;346,356,357;,
  3;356,346,358;,
  3;359,360,361;,
  3;360,359,362;,
  3;363,337,339;,
  3;337,363,364;,
  3;364,365,366;,
  3;365,364,363;,
  3;342,361,343;,
  3;361,342,359;;

  MeshNormals {
   367;
   0.090146;0.824379;-0.558813;,
   0.197724;0.657198;-0.727321;,
   0.123950;0.848802;-0.513977;,
   0.248504;0.612546;-0.750356;,
   0.496023;0.378334;-0.781552;,
   0.416031;0.279538;-0.865319;,
   0.359305;0.416271;-0.835236;,
   0.679406;0.175922;-0.712362;,
   0.244816;0.873224;0.421360;,
   0.270062;0.871954;0.408366;,
   0.315661;0.913117;0.258023;,
   0.163026;0.815257;0.555678;,
   0.400960;0.078955;-0.912687;,
   0.627526;0.125090;-0.768481;,
   0.281279;0.121067;-0.951958;,
   0.823857;0.041507;-0.565276;,
   0.478404;0.055037;-0.876413;,
   0.742709;0.074374;-0.665472;,
   0.489610;0.029471;-0.871444;,
   0.757696;0.056886;-0.650123;,
   0.500016;0.021384;-0.865752;,
   0.744342;0.053170;-0.665679;,
   0.792381;0.050372;-0.607943;,
   0.895470;-0.086857;-0.436565;,
   0.476806;0.049100;-0.877636;,
   0.761467;-0.010128;-0.648125;,
   0.501720;-0.059074;-0.863011;,
   0.000053;0.097325;-0.995253;,
   -0.001692;-0.036105;-0.999347;,
   0.293104;0.953819;-0.065723;,
   0.779176;0.171002;-0.603028;,
   0.199184;0.966431;-0.162288;,
   0.009451;0.052111;-0.998597;,
   0.028196;0.100109;-0.994577;,
   0.872122;-0.081338;0.482481;,
   0.937032;-0.094125;0.336321;,
   0.372984;-0.050194;0.926479;,
   0.288606;-0.052762;0.955993;,
   0.000051;-0.057896;0.998323;,
   0.000053;-0.057896;0.998323;,
   0.293104;0.953819;-0.065723;,
   0.199184;0.966431;-0.162288;,
   0.002558;0.746088;0.665843;,
   0.000323;0.352925;-0.935652;,
   0.000272;0.696935;0.717134;,
   0.489610;0.029471;-0.871444;,
   0.166175;-0.016802;-0.985953;,
   0.180936;-0.034835;-0.982878;,
   0.500016;0.021384;-0.865752;,
   0.478404;0.055037;-0.876413;,
   0.197913;0.026571;-0.979859;,
   0.281279;0.121067;-0.951958;,
   -0.087975;0.823324;-0.560712;,
   -0.196918;0.657458;-0.727305;,
   -0.247769;0.613002;-0.750226;,
   -0.119673;0.847724;-0.516761;,
   -0.496289;0.377582;-0.781747;,
   -0.415817;0.279727;-0.865361;,
   -0.679172;0.177625;-0.712162;,
   -0.359457;0.415177;-0.835715;,
   -0.230921;0.880463;0.414079;,
   -0.273714;0.877357;0.394113;,
   -0.172294;0.827924;0.533720;,
   -0.305267;0.921442;0.240327;,
   -0.376326;0.100482;-0.921022;,
   -0.652249;0.137327;-0.745462;,
   -0.815928;0.048181;-0.576143;,
   -0.321549;0.133349;-0.937457;,
   -0.493530;0.029800;-0.869218;,
   -0.742740;0.074303;-0.665445;,
   -0.757134;0.055988;-0.650856;,
   -0.489616;0.029499;-0.871439;,
   -0.499910;0.021114;-0.865820;,
   -0.744430;0.053049;-0.665590;,
   -0.790552;0.050450;-0.610313;,
   -0.887028;-0.094433;-0.451956;,
   -0.476348;0.050154;-0.877825;,
   -0.502028;-0.068587;-0.862127;,
   -0.761237;-0.008280;-0.648421;,
   -0.277306;0.957980;-0.073324;,
   -0.780297;0.167086;-0.602676;,
   -0.197600;0.966868;-0.161618;,
   -0.871650;-0.076206;0.484168;,
   -0.938725;-0.088229;0.333183;,
   -0.364568;-0.048156;0.929931;,
   -0.282112;-0.051183;0.958015;,
   0.000051;-0.057896;0.998323;,
   0.000053;-0.057896;0.998323;,
   -0.277306;0.957980;-0.073324;,
   -0.197600;0.966868;-0.161618;,
   0.002558;0.746088;0.665843;,
   0.000272;0.696935;0.717134;,
   -0.157348;-0.034305;-0.986947;,
   -0.098259;-0.034234;-0.994572;,
   -0.137058;-0.024504;-0.990260;,
   -0.032137;-0.053513;-0.998050;,
   -0.189848;0.013131;-0.981726;,
   -0.000103;0.012401;-0.999923;,
   0.028196;0.100109;-0.994577;,
   -0.321549;0.133349;-0.937457;,
   -0.493530;0.029800;-0.869218;,
   -0.489616;0.029499;-0.871439;,
   -0.499910;0.021114;-0.865820;,
   0.040187;-0.696242;-0.716681;,
   0.093722;-0.034631;-0.994996;,
   0.014171;-0.918567;-0.395011;,
   0.093722;-0.034631;-0.994996;,
   0.962085;0.174023;0.210019;,
   0.986469;0.017863;0.162972;,
   0.980421;0.057558;0.188312;,
   0.961825;0.176836;0.208861;,
   0.973277;-0.084547;0.213502;,
   0.979661;-0.072928;0.186939;,
   0.979661;-0.072928;0.186939;,
   0.936519;-0.115393;0.331085;,
   0.931139;-0.116302;0.345620;,
   0.973277;-0.084547;0.213502;,
   0.720564;-0.243380;0.649272;,
   0.698660;-0.253649;0.668982;,
   0.315136;-0.401708;0.859837;,
   0.272594;-0.419914;0.865659;,
   0.010130;-0.470102;0.882554;,
   0.009151;-0.470094;0.882569;,
   0.009151;-0.470094;0.882569;,
   -0.380928;-0.396579;0.835236;,
   -0.314503;-0.417991;0.852274;,
   0.010130;-0.470102;0.882554;,
   -0.709264;-0.218879;0.670101;,
   -0.692840;-0.231902;0.682785;,
   -0.934305;-0.114308;0.337652;,
   -0.910034;-0.113667;0.398644;,
   -0.985423;-0.080680;0.149774;,
   -0.987733;-0.066609;0.141231;,
   -0.987733;-0.066609;0.141231;,
   -0.986570;0.024827;0.161440;,
   -0.980205;0.062976;0.187700;,
   -0.985423;-0.080680;0.149774;,
   -0.961611;0.176038;0.210513;,
   -0.961709;0.175038;0.210895;,
   -0.933665;0.231058;0.273645;,
   -0.936822;0.230306;0.263295;,
   -0.858597;0.040014;0.511087;,
   -0.855490;0.032454;0.516801;,
   -0.753950;-0.108388;0.647928;,
   -0.754473;-0.102866;0.648219;,
   -0.758313;-0.049617;0.650000;,
   -0.758313;-0.049617;0.650000;,
   -0.460795;0.859072;0.222855;,
   -0.276123;0.925030;0.260914;,
   -0.340764;0.906568;0.249028;,
   -0.460795;0.859072;0.222855;,
   -0.090170;0.953294;0.288271;,
   -0.094150;0.953058;0.287779;,
   0.000082;0.954715;0.297522;,
   0.000056;0.954715;0.297521;,
   0.000056;0.954715;0.297521;,
   0.091925;0.953496;0.287047;,
   0.096129;0.953258;0.286458;,
   0.000082;0.954715;0.297522;,
   0.268881;0.927073;0.261227;,
   0.324251;0.911710;0.252284;,
   0.429978;0.872470;0.232195;,
   0.429978;0.872470;0.232195;,
   0.661299;-0.016312;0.749945;,
   0.665943;-0.114493;0.737164;,
   0.665704;-0.101557;0.739273;,
   0.661299;-0.016312;0.749945;,
   0.824488;0.024449;0.565351;,
   0.814899;0.007029;0.579560;,
   0.930093;0.233179;0.283822;,
   0.934945;0.231957;0.268465;,
   -0.785376;0.435018;-0.440391;,
   -0.838155;0.314181;-0.445855;,
   -0.834292;0.326948;-0.443916;,
   -0.762232;0.461229;-0.454170;,
   -0.584452;0.786319;-0.200299;,
   -0.553473;0.813708;-0.177614;,
   0.002422;0.984487;0.175440;,
   0.002470;0.984480;0.175477;,
   0.599081;0.778181;-0.188513;,
   0.562980;0.810467;-0.161852;,
   0.848297;0.301340;-0.435415;,
   0.845898;0.310212;-0.433849;,
   0.780993;0.438963;-0.444253;,
   0.802236;0.414491;-0.429669;,
   0.816061;0.490294;-0.306032;,
   0.799537;0.480349;-0.360562;,
   0.799537;0.480349;-0.360562;,
   0.494140;0.664559;-0.560524;,
   0.551181;0.652359;-0.520218;,
   0.816061;0.490294;-0.306032;,
   0.000710;0.669078;-0.743192;,
   0.001382;0.669066;-0.743202;,
   0.001382;0.669066;-0.743202;,
   -0.485903;0.675778;-0.554277;,
   -0.536825;0.666091;-0.517825;,
   0.000710;0.669078;-0.743192;,
   -0.800730;0.513920;-0.307763;,
   -0.782653;0.504091;-0.365166;,
   -0.782653;0.504091;-0.365166;,
   -0.800730;0.513920;-0.307763;,
   0.215978;-0.976172;0.021001;,
   0.034585;-0.999400;0.001718;,
   0.034890;-0.999390;0.001790;,
   0.150936;-0.988435;0.014621;,
   0.000051;-1.000000;-0.000677;,
   -0.000038;-1.000000;-0.000677;,
   -0.000038;-1.000000;-0.000677;,
   -0.034215;-0.999412;0.002072;,
   -0.034493;-0.999403;0.002147;,
   0.000051;-1.000000;-0.000677;,
   -0.159767;-0.987056;0.013942;,
   -0.231937;-0.972534;0.019590;,
   -0.371585;-0.927898;0.030497;,
   -0.371585;-0.927898;0.030497;,
   -0.935754;0.192281;0.295622;,
   -0.919239;0.216236;0.329000;,
   -0.917764;0.218237;0.331786;,
   -0.935754;0.192281;0.295622;,
   -0.899744;0.190053;0.392863;,
   -0.899655;0.187635;0.394225;,
   -0.882494;0.134122;0.450795;,
   -0.882792;0.134174;0.450195;,
   -0.862793;0.123581;0.490221;,
   -0.862887;0.123716;0.490021;,
   -0.857120;0.115651;0.501966;,
   -0.857120;0.115651;0.501966;,
   -0.097404;-0.995245;0.000378;,
   -0.097404;-0.995245;0.000378;,
   -0.097404;-0.995245;0.000378;,
   0.097427;-0.995243;0.000320;,
   0.097427;-0.995243;0.000320;,
   0.097427;-0.995243;0.000320;,
   0.856347;0.115957;0.503213;,
   0.861609;0.123646;0.492282;,
   0.861700;0.123782;0.492088;,
   0.856347;0.115957;0.503213;,
   0.866806;0.131485;0.480997;,
   0.866806;0.131485;0.480997;,
   0.000229;-0.164036;-0.986454;,
   0.896673;0.138858;0.420353;,
   0.905085;0.183713;0.383499;,
   0.249290;-0.033951;-0.967834;,
   0.919127;0.224977;0.323407;,
   0.918400;0.225495;0.325104;,
   0.000229;-0.164036;-0.986454;,
   0.926728;0.219348;0.305061;,
   0.926728;0.219348;0.305061;,
   0.343275;-0.938638;0.033490;,
   -0.187019;-0.014115;-0.982255;,
   -0.127282;-0.360668;0.923969;,
   -0.127282;-0.360668;0.923969;,
   -0.127282;-0.360668;0.923969;,
   -0.127282;-0.360668;0.923969;,
   0.127712;-0.361164;0.923715;,
   0.127712;-0.361164;0.923715;,
   0.127712;-0.361164;0.923715;,
   0.127712;-0.361164;0.923715;,
   0.000455;0.450471;-0.892791;,
   -0.475320;-0.051549;0.878301;,
   -0.742709;-0.074374;0.665472;,
   -0.782089;-0.044170;0.621599;,
   -0.489610;-0.029471;0.871444;,
   -0.500016;-0.021384;0.865752;,
   -0.786646;-0.056386;0.614824;,
   -0.614893;-0.048348;0.787127;,
   -0.792603;0.011453;0.609631;,
   -0.274580;-0.093746;0.956984;,
   -0.489610;-0.029471;0.871444;,
   -0.135405;0.024414;0.990490;,
   -0.500016;-0.021384;0.865752;,
   -0.156017;0.034804;0.987141;,
   -0.475320;-0.051549;0.878301;,
   -0.214214;0.002353;0.976784;,
   -0.274580;-0.093746;0.956984;,
   0.475334;-0.051657;0.878288;,
   0.777694;-0.076048;0.624027;,
   0.489616;-0.029499;0.871439;,
   0.752240;-0.048385;0.657111;,
   0.499911;-0.021114;0.865820;,
   0.785811;-0.056162;0.615911;,
   0.633071;-0.045222;0.772772;,
   0.791561;0.011336;0.610985;,
   0.274895;-0.093737;0.956894;,
   0.157348;0.034305;0.986947;,
   0.002285;0.034592;0.999399;,
   0.001079;0.048927;0.998802;,
   0.137058;0.024504;0.990260;,
   0.214376;0.001784;0.976750;,
   0.000115;0.027650;0.999618;,
   -0.000363;-0.033727;0.999431;,
   0.274895;-0.093737;0.956894;,
   0.475334;-0.051657;0.878288;,
   0.489616;-0.029499;0.871439;,
   0.499911;-0.021114;0.865820;,
   -0.098266;-0.995160;0.000000;,
   -0.098266;-0.995160;0.000000;,
   -0.098266;-0.995160;0.000000;,
   0.006675;-0.999978;0.000000;,
   0.006675;-0.999978;0.000000;,
   0.006675;-0.999978;0.000000;,
   0.006675;-0.999978;0.000000;,
   0.040439;-0.999182;0.000000;,
   0.040439;-0.999182;0.000000;,
   0.040439;-0.999182;0.000000;,
   0.040439;-0.999182;0.000000;,
   0.098158;-0.995171;-0.000000;,
   0.098158;-0.995171;-0.000000;,
   0.098158;-0.995171;-0.000000;,
   -0.040662;-0.999173;0.000000;,
   -0.022800;-0.999740;0.000000;,
   -0.007480;-0.999972;0.000000;,
   -0.007480;-0.999972;0.000000;,
   -0.498375;-0.049441;0.865551;,
   -0.678708;-0.045379;0.733005;,
   -0.705571;-0.027744;0.708095;,
   -0.582837;-0.021614;0.812302;,
   -0.831963;0.032874;0.553856;,
   -0.499629;-0.068976;0.863489;,
   -0.515636;0.002229;0.856805;,
   -0.784581;0.013989;0.619869;,
   -0.000035;-0.140784;0.990040;,
   0.000019;-0.027043;0.999634;,
   -0.724274;-0.036926;0.688522;,
   -0.699390;-0.051640;0.712872;,
   -0.832306;-0.094059;0.546279;,
   -0.835135;-0.089945;0.542641;,
   -0.835135;-0.089945;0.542641;,
   -0.390367;0.036968;0.919917;,
   0.004818;-0.001064;0.999988;,
   0.005687;0.075761;0.997110;,
   -0.436579;-0.017392;0.899498;,
   -0.513612;-0.027073;0.857596;,
   -0.776251;-0.031380;0.629642;,
   -0.803722;-0.001199;0.595004;,
   -0.448618;-0.064829;0.891369;,
   -0.452167;-0.142034;0.880552;,
   -0.000008;-0.254633;0.967038;,
   -0.461351;-0.138235;0.876382;,
   -0.000008;-0.254633;0.967038;,
   -0.730061;-0.005566;0.683359;,
   -0.730061;-0.005566;0.683359;,
   0.001698;-0.055124;0.998478;,
