xof 0303txt 0032
template ColorRGBA {
 <35ff44e0-6c7c-11cf-8f52-0040333594a3>
 FLOAT red;
 FLOAT green;
 FLOAT blue;
 FLOAT alpha;
}

template ColorRGB {
 <d3e16e81-7835-11cf-8f52-0040333594a3>
 FLOAT red;
 FLOAT green;
 FLOAT blue;
}

template Material {
 <3d82ab4d-62da-11cf-ab39-0020af71e433>
 ColorRGBA faceColor;
 FLOAT power;
 ColorRGB specularColor;
 ColorRGB emissiveColor;
 [...]
}

template TextureFilename {
 <a42790e1-7810-11cf-8f52-0040333594a3>
 STRING filename;
}

template Frame {
 <3d82ab46-62da-11cf-ab39-0020af71e433>
 [...]
}

template Matrix4x4 {
 <f6f23f45-7686-11cf-8f52-0040333594a3>
 array FLOAT matrix[16];
}

template FrameTransformMatrix {
 <f6f23f41-7686-11cf-8f52-0040333594a3>
 Matrix4x4 frameMatrix;
}

template Vector {
 <3d82ab5e-62da-11cf-ab39-0020af71e433>
 FLOAT x;
 FLOAT y;
 FLOAT z;
}

template MeshFace {
 <3d82ab5f-62da-11cf-ab39-0020af71e433>
 DWORD nFaceVertexIndices;
 array DWORD faceVertexIndices[nFaceVertexIndices];
}

template Mesh {
 <3d82ab44-62da-11cf-ab39-0020af71e433>
 DWORD nVertices;
 array Vector vertices[nVertices];
 DWORD nFaces;
 array MeshFace faces[nFaces];
 [...]
}

template MeshNormals {
 <f6f23f43-7686-11cf-8f52-0040333594a3>
 DWORD nNormals;
 array Vector normals[nNormals];
 DWORD nFaceNormals;
 array MeshFace faceNormals[nFaceNormals];
}

template MeshMaterialList {
 <f6f23f42-7686-11cf-8f52-0040333594a3>
 DWORD nMaterials;
 DWORD nFaceIndexes;
 array DWORD faceIndexes[nFaceIndexes];
 [Material <3d82ab4d-62da-11cf-ab39-0020af71e433>]
}

template Coords2d {
 <f6f23f44-7686-11cf-8f52-0040333594a3>
 FLOAT u;
 FLOAT v;
}

template MeshTextureCoords {
 <f6f23f40-7686-11cf-8f52-0040333594a3>
 DWORD nTextureCoords;
 array Coords2d textureCoords[nTextureCoords];
}

template XSkinMeshHeader {
 <3cf169ce-ff7c-44ab-93c0-f78f62d172e2>
 WORD nMaxSkinWeightsPerVertex;
 WORD nMaxSkinWeightsPerFace;
 WORD nBones;
}

template SkinWeights {
 <6f0d123b-bad2-4167-a0d0-80224f25fabb>
 STRING transformNodeName;
 DWORD nWeights;
 array DWORD vertexIndices[nWeights];
 array FLOAT weights[nWeights];
 Matrix4x4 matrixOffset;
}

template AnimTicksPerSecond {
 <9e415a43-7ba6-4a73-8743-b73d47e88476>
 DWORD AnimTicksPerSecond;
}

template Animation {
 <3d82ab4f-62da-11cf-ab39-0020af71e433>
 [...]
}

template AnimationSet {
 <3d82ab50-62da-11cf-ab39-0020af71e433>
 [Animation <3d82ab4f-62da-11cf-ab39-0020af71e433>]
}

template FloatKeys {
 <10dd46a9-775b-11cf-8f52-0040333594a3>
 DWORD nValues;
 array FLOAT values[nValues];
}

template TimedFloatKeys {
 <f406b180-7b3b-11cf-8f52-0040333594a3>
 DWORD time;
 FloatKeys tfkeys;
}

template AnimationKey {
 <10dd46a8-775b-11cf-8f52-0040333594a3>
 DWORD keyType;
 DWORD nKeys;
 array TimedFloatKeys keys[nKeys];
}


Material _19_-_Defaultaaa {
 1.000000;1.000000;1.000000;1.000000;;
 9.999999;
 0.000000;0.000000;0.000000;;
 0.000000;0.000000;0.000000;;

 TextureFilename {
  "FannyPack.png";
 }
}

Frame Dummy01 {
 

 FrameTransformMatrix {
  1.000000,0.000000,0.000000,0.000000,0.000000,-0.000000,-1.000000,0.000000,0.000000,1.000000,-0.000000,0.000000,0.000000,0.000000,0.000000,1.000000;;
 }

 Frame Bip01 {
  

  FrameTransformMatrix {
   -0.087155,0.982405,-0.165183,0.000000,-0.000001,0.165814,0.986157,0.000000,0.996195,0.085949,-0.014450,0.000000,-0.010000,-0.012284,0.490453,1.000000;;
  }

  Frame Bip01_Pelvis {
   

   FrameTransformMatrix {
    0.000000,1.000000,-0.000001,0.000000,-0.000001,0.000001,1.000000,0.000000,1.000000,0.000000,0.000001,0.000000,0.000000,0.000000,0.000000,1.000000;;
   }

   Frame Bip01_Spine {
    

    FrameTransformMatrix {
     0.984686,0.000002,-0.174337,0.000000,-0.000001,1.000000,0.000004,0.000000,0.174337,-0.000004,0.984686,0.000000,0.051619,0.000000,-0.000083,1.000000;;
    }

    Frame Bip01_Spine1 {
     

     FrameTransformMatrix {
      0.997819,0.052687,0.039774,0.000000,-0.044862,0.983198,-0.176942,0.000000,-0.048428,0.174771,0.983417,0.000000,0.106484,-0.000015,-0.000083,1.000000;;
     }

     Frame Bip01_Neck {
      

      FrameTransformMatrix {
       0.966067,-0.020835,0.257451,0.000000,0.025191,0.999590,-0.013632,0.000000,-0.257061,0.019655,0.966195,0.000000,0.130511,-0.000001,0.004626,1.000000;;
      }

      Frame Bip01_Head {
       

       FrameTransformMatrix {
        0.989321,-0.051753,-0.136255,0.000000,0.064251,0.993958,0.088989,0.000000,0.130826,-0.096793,0.986669,0.000000,0.033674,-0.000000,0.000000,1.000000;;
       }

       Frame Bip01_HeadNub {
        

        FrameTransformMatrix {
         1.000000,-0.000000,-0.000000,0.000000,-0.000000,1.000000,0.000000,0.000000,0.000000,-0.000000,1.000000,0.000000,0.169824,0.000000,-0.000000,1.000000;;
        }
       }
      }

      Frame Bip01_L_Clavicle {
       

       FrameTransformMatrix {
        -0.205975,0.976135,0.068811,0.000000,0.943873,0.216738,-0.249254,0.000000,-0.258220,0.013609,-0.965990,0.000000,-0.024734,0.015166,0.002017,1.000000;;
       }

       Frame Bip01_L_UpperArm {
        

        FrameTransformMatrix {
         0.385871,-0.777669,0.496320,0.000000,0.922466,0.332598,-0.196046,0.000000,-0.012616,0.533487,0.845714,0.000000,0.087086,-0.000000,-0.000000,1.000000;;
        }

        Frame Bip01_L_Forearm {
         

         FrameTransformMatrix {
          0.943939,0.000000,-0.330119,0.000000,0.000000,1.000000,-0.000000,0.000000,0.330119,-0.000000,0.943939,0.000000,0.137062,-0.000000,0.000000,1.000000;;
         }

         Frame Bip01_L_Hand {
          

          FrameTransformMatrix {
           1.000000,-0.000000,0.000000,0.000000,0.000000,0.000796,1.000000,0.000000,0.000000,-1.000000,0.000796,0.000000,0.137062,0.000000,0.000000,1.000000;;
          }

          Frame Bip01_L_Finger0 {
           

           FrameTransformMatrix {
            0.690342,-0.181727,0.700288,0.000000,0.558537,0.749101,-0.356210,0.000000,-0.459853,0.637043,0.618637,0.000000,0.057681,-0.023605,-0.000272,1.000000;;
           }

           Frame Bip01_L_Finger0Nub {
            

            FrameTransformMatrix {
             1.000000,0.000000,0.000000,0.000000,0.000000,1.000000,0.000000,0.000000,-0.000000,0.000000,1.000000,0.000000,0.029435,-0.000000,0.000000,1.000000;;
            }
           }
          }

          Frame Bip01_L_Finger1 {
           

           FrameTransformMatrix {
            0.728079,-0.000546,0.685493,0.000000,0.000000,1.000000,0.000796,0.000000,-0.685493,-0.000580,0.728079,0.000000,0.084102,0.000000,0.000000,1.000000;;
           }

           Frame Bip01_L_Finger1Nub {
            

            FrameTransformMatrix {
             1.000000,0.000000,0.000000,0.000000,-0.000000,1.000000,-0.000000,0.000000,-0.000000,0.000000,1.000000,0.000000,0.047988,0.000000,-0.000000,1.000000;;
            }
           }
          }
         }
        }
       }
      }

      Frame Bip01_R_Clavicle {
       

       FrameTransformMatrix {
        -0.028509,-0.999573,-0.006461,0.000000,-0.965665,0.025871,0.258498,0.000000,-0.258220,0.013609,-0.965990,0.000000,-0.024080,-0.016250,0.001399,1.000000;;
       }

       Frame Bip01_R_UpperArm {
        

        FrameTransformMatrix {
         0.221390,0.975047,0.016433,0.000000,-0.974986,0.221654,-0.016512,0.000000,-0.019742,-0.012366,0.999729,0.000000,0.087086,0.000000,0.000000,1.000000;;
        }

        Frame Bip01_R_Forearm {
         

         FrameTransformMatrix {
          0.915660,-0.000000,-0.401954,0.000000,-0.000000,1.000000,-0.000000,0.000000,0.401954,-0.000000,0.915660,0.000000,0.137062,0.000000,0.000000,1.000000;;
         }

         Frame Bip01_R_Hand {
          

          FrameTransformMatrix {
           0.975195,-0.000000,-0.221346,0.000000,-0.221346,0.000796,-0.975195,0.000000,0.000176,1.000000,0.000777,0.000000,0.137062,0.000000,0.000000,1.000000;;
          }

          Frame Bip01_R_Finger0 {
           

           FrameTransformMatrix {
            0.417774,-0.116941,0.900994,0.000000,-0.558537,0.749101,0.356210,0.000000,-0.716591,-0.652054,0.247639,0.000000,0.057681,0.023605,-0.000272,1.000000;;
           }

           Frame Bip01_R_Finger0Nub {
            

            FrameTransformMatrix {
             -1.000000,-0.000000,0.000000,0.000000,-0.000000,1.000000,0.000000,0.000000,-0.000000,0.000000,-1.000000,0.000000,0.029435,0.000000,0.000000,1.000000;;
            }
           }
          }

          Frame Bip01_R_Finger1 {
           

           FrameTransformMatrix {
            0.352436,0.000745,0.935835,0.000000,0.000000,1.000000,-0.000796,0.000000,-0.935836,0.000281,0.352436,0.000000,0.084102,0.000000,0.000000,1.000000;;
           }

           Frame Bip01_R_Finger1Nub {
            

            FrameTransformMatrix {
             -1.000000,0.000000,0.000000,0.000000,0.000000,1.000000,-0.000000,0.000000,0.000000,-0.000000,-1.000000,0.000000,0.047988,0.000000,-0.000000,1.000000;;
            }
           }
          }
         }
        }
       }
      }
     }

     Frame Bip01_BackPack {
      

      FrameTransformMatrix {
       0.180560,0.080500,-0.980264,0.000000,0.047560,0.994764,0.090451,0.000000,0.982413,-0.062954,0.175786,0.000000,0.063697,0.000003,-0.088856,1.000000;;
      }

      Frame Bip01_BackPackNub {
       

       FrameTransformMatrix {
        0.000796,0.000003,1.000000,0.000000,0.000000,-1.000000,0.000003,0.000000,1.000000,-0.000000,-0.000796,0.000000,0.053240,0.000000,0.000000,1.000000;;
       }
      }
     }
    }

    Frame Bip01_L_Thigh {
     

     FrameTransformMatrix {
      -0.888504,0.030427,0.457858,0.000000,-0.032107,-0.999476,0.004114,0.000000,0.457744,-0.011045,0.889016,0.000000,-0.050843,0.055225,-0.008917,1.000000;;
     }

     Frame Bip01_L_Calf {
      

      FrameTransformMatrix {
       0.942235,-0.000000,-0.334952,0.000000,-0.000000,1.000000,-0.000000,0.000000,0.334952,-0.000000,0.942235,0.000000,0.237500,0.000000,-0.000000,1.000000;;
      }

      Frame Bip01_L_Foot {
       

       FrameTransformMatrix {
        0.924325,-0.026487,0.380687,0.000000,-0.068962,0.969570,0.234901,0.000000,-0.375325,-0.243378,0.894371,0.000000,0.206841,0.000000,0.000000,1.000000;;
       }

       Frame Bip01_L_Toe0 {
        

        FrameTransformMatrix {
         0.000000,0.000000,1.000000,0.000000,0.000000,1.000000,-0.000000,0.000000,-1.000000,0.000000,0.000000,0.000000,0.065373,0.000000,0.066450,1.000000;;
        }

        Frame Bip01_L_Toe0Nub {
         

         FrameTransformMatrix {
          -1.000000,0.000000,0.000000,0.000000,0.000000,1.000000,0.000000,0.000000,0.000000,0.000000,-1.000000,0.000000,0.006735,-0.000000,0.000000,1.000000;;
         }
        }
       }
      }
     }
    }

    Frame Bip01_R_Thigh {
     

     FrameTransformMatrix {
      -0.996965,0.030321,-0.071704,0.000000,-0.029454,-0.999480,-0.013113,0.000000,-0.072065,-0.010961,0.997340,0.000000,-0.050843,-0.055225,-0.008917,1.000000;;
     }

     Frame Bip01_R_Calf {
      

      FrameTransformMatrix {
       0.730239,0.000000,-0.683192,0.000000,0.000000,1.000000,0.000000,0.000000,0.683192,0.000000,0.730239,0.000000,0.237500,0.000000,0.000000,1.000000;;
      }

      Frame Bip01_R_Foot {
       

       FrameTransformMatrix {
        0.991957,0.087165,-0.091782,0.000000,-0.093276,0.993546,-0.064539,0.000000,0.085565,0.072581,0.993685,0.000000,0.206841,0.000000,0.000000,1.000000;;
       }

       Frame Bip01_R_Toe0 {
        

        FrameTransformMatrix {
         0.000000,0.000000,1.000000,0.000000,0.000000,1.000000,-0.000000,0.000000,-1.000000,0.000000,0.000000,0.000000,0.065373,0.000000,0.066450,1.000000;;
        }

        Frame Bip01_R_Toe0Nub {
         

         FrameTransformMatrix {
          1.000000,0.000000,0.000000,0.000000,0.000000,1.000000,-0.000000,0.000000,-0.000000,-0.000000,1.000000,0.000000,0.006735,-0.000000,0.000000,1.000000;;
         }
        }
       }
      }
     }
    }
   }

   Frame Bip01_DressFront {
    

    FrameTransformMatrix {
     -0.880185,-0.088339,0.466338,0.000000,0.121847,0.907542,0.401896,0.000000,-0.458725,0.410564,-0.788041,0.000000,-0.043935,0.001339,0.061057,1.000000;;
    }

    Frame Bip01_DressFront02 {
     

     FrameTransformMatrix {
      0.912593,0.000001,0.408870,0.000000,-0.000001,1.000000,-0.000000,0.000000,-0.408870,-0.000000,0.912593,0.000000,0.183378,-0.000000,-0.000120,1.000000;;
     }

     Frame Bip01_DressFrontNub {
      

      FrameTransformMatrix {
       0.000796,0.000003,1.000000,0.000000,0.000000,-1.000000,0.000003,0.000000,1.000000,0.000000,-0.000796,0.000000,0.165302,0.000000,0.000000,1.000000;;
      }
     }
    }
   }

   Frame Bip01_DressBack {
    

    FrameTransformMatrix {
     -0.886023,0.038029,0.462080,0.000000,0.191625,0.937561,0.290274,0.000000,-0.422190,0.345735,-0.837988,0.000000,-0.047673,-0.000048,-0.078302,1.000000;;
    }

    Frame Bip01_DressBack02 {
     

     FrameTransformMatrix {
      0.936852,0.174932,-0.302833,0.000000,-0.166408,0.984581,0.053939,0.000000,0.307600,-0.000139,0.951516,0.000000,0.176125,0.000000,-0.000103,1.000000;;
     }

     Frame Bip01_DressBackNub {
      

      FrameTransformMatrix {
       0.000796,0.000003,1.000000,0.000000,0.000000,-1.000000,0.000003,0.000000,1.000000,0.000000,-0.000796,0.000000,0.136508,0.000000,0.000000,1.000000;;
      }
     }
    }
   }
  }

  Frame Bip01_Prop1 {
   

   FrameTransformMatrix {
    -0.233929,-0.108090,0.966227,0.000000,0.687222,0.684611,0.242967,0.000000,-0.687752,0.720849,-0.085868,0.000000,0.076452,-0.048658,-0.145664,1.000000;;
   }
  }

  Frame Bip01_Prop2 {
   

   FrameTransformMatrix {
    -0.163643,-0.967062,0.194966,0.000000,0.985576,-0.168906,-0.010564,0.000000,0.043147,0.190425,0.980753,0.000000,-0.138405,-0.102098,0.114818,1.000000;;
   }
  }
 }
}

Frame Translation_Data {
 

 FrameTransformMatrix {
  1.000000,0.000000,0.000000,0.000000,0.000000,-0.000000,-1.000000,0.000000,0.000000,1.000000,-0.000000,0.000000,0.000000,0.000000,0.000000,1.000000;;
 }
}

Frame F_FannyPackFront {
 

 FrameTransformMatrix {
  1.000000,0.000000,0.000000,0.000000,0.000000,1.000000,0.000000,0.000000,0.000000,0.000000,1.000000,0.000000,0.000000,0.000000,0.000000,1.000000;;
 }

 Mesh F_FannyPackFront {
  112;
  -0.000010;0.507548;-0.024646;,
  0.054736;0.535898;-0.019590;,
  -0.000010;0.535898;-0.026384;,
  0.049351;0.521817;-0.018635;,
  0.045868;0.515143;-0.018519;,
  0.032593;0.509975;-0.019509;,
  0.047178;0.567001;-0.019590;,
  -0.000010;0.566858;-0.024048;,
  -0.000010;0.506266;-0.048199;,
  0.049285;0.514073;-0.042291;,
  0.035207;0.508679;-0.045492;,
  0.052388;0.520709;-0.043024;,
  0.058200;0.535898;-0.045378;,
  -0.000010;0.535898;-0.052173;,
  0.055600;0.561613;-0.042768;,
  -0.000010;0.562593;-0.049562;,
  -0.000010;0.507548;-0.024646;,
  0.036345;0.507400;-0.035505;,
  0.032593;0.509975;-0.019509;,
  -0.000010;0.504973;-0.038252;,
  0.054526;0.519709;-0.032221;,
  0.054736;0.535898;-0.019590;,
  0.049351;0.521817;-0.018635;,
  0.047178;0.567001;-0.019590;,
  -0.000010;0.565732;-0.038526;,
  -0.000010;0.566858;-0.024048;,
  0.071130;0.571860;0.006436;,
  0.071130;0.557433;0.007949;,
  0.071130;0.571860;0.006436;,
  0.074164;0.567709;-0.009639;,
  0.074717;0.553700;-0.007196;,
  0.071130;0.557433;0.007949;,
  0.071130;0.557433;0.007949;,
  0.068330;0.579024;0.051892;,
  0.071130;0.571860;0.006436;,
  0.068330;0.564536;0.052611;,
  0.084642;0.570905;0.007631;,
  0.068330;0.579024;0.051892;,
  0.081335;0.577334;0.048606;,
  0.071130;0.571860;0.006436;,
  0.081335;0.565442;0.049196;,
  0.084642;0.559063;0.008872;,
  0.071130;0.557433;0.007949;,
  0.068330;0.564536;0.052611;,
  0.072383;0.578312;0.065256;,
  0.059609;0.568019;0.078722;,
  0.072381;0.566578;0.065840;,
  0.059606;0.579334;0.078163;,
  0.045285;0.566086;0.075891;,
  0.045285;0.580575;0.075172;,
  0.045285;0.566086;0.075891;,
  0.045285;0.580575;0.075172;,
  0.036840;0.579210;0.085702;,
  0.000000;0.568825;0.083823;,
  0.036840;0.568488;0.086256;,
  0.000000;0.579134;0.083269;,
  0.000000;0.567162;0.071554;,
  0.000000;0.580037;0.070886;,
  0.000000;0.567162;0.071554;,
  0.000000;0.580037;0.070886;,
  0.084642;0.570905;0.007631;,
  0.084642;0.559063;0.008872;,
  -0.045889;0.515143;-0.018519;,
  -0.032617;0.511751;-0.019509;,
  -0.049372;0.521817;-0.018635;,
  -0.054756;0.535898;-0.019590;,
  -0.047199;0.567001;-0.019590;,
  -0.058221;0.535898;-0.045378;,
  -0.052408;0.520709;-0.043024;,
  -0.049306;0.514073;-0.042291;,
  -0.031402;0.508679;-0.045492;,
  -0.055621;0.561613;-0.042768;,
  -0.032539;0.507400;-0.035505;,
  -0.032617;0.511751;-0.019509;,
  -0.054756;0.535898;-0.019590;,
  -0.054547;0.519709;-0.032221;,
  -0.049372;0.521817;-0.018635;,
  -0.047199;0.567001;-0.019590;,
  -0.071130;0.571860;0.006436;,
  -0.071130;0.557433;0.007949;,
  -0.071130;0.571860;0.006436;,
  -0.074164;0.567709;-0.009639;,
  -0.074717;0.553700;-0.007196;,
  -0.071130;0.557433;0.007949;,
  -0.071130;0.557433;0.007949;,
  -0.068402;0.579024;0.051892;,
  -0.068402;0.564536;0.052611;,
  -0.071130;0.571860;0.006436;,
  -0.068402;0.579024;0.051892;,
  -0.084642;0.570905;0.007631;,
  -0.081407;0.577334;0.048606;,
  -0.071130;0.571860;0.006436;,
  -0.081407;0.565442;0.049196;,
  -0.084642;0.559063;0.008872;,
  -0.071130;0.557433;0.007949;,
  -0.068402;0.564536;0.052611;,
  -0.072455;0.578312;0.065256;,
  -0.056763;0.568019;0.078722;,
  -0.056760;0.579334;0.078163;,
  -0.064766;0.566578;0.065840;,
  -0.042439;0.566086;0.075891;,
  -0.042439;0.580575;0.075172;,
  -0.042439;0.566086;0.075891;,
  -0.042439;0.580575;0.075172;,
  -0.033993;0.579210;0.085702;,
  -0.033993;0.568488;0.086256;,
  -0.084642;0.570905;0.007631;,
  -0.084642;0.559063;0.008872;,
  0.051454;0.513030;-0.032120;,
  0.045868;0.515143;-0.018519;,
  -0.045889;0.515143;-0.018519;,
  -0.051475;0.513030;-0.032120;;
  148;
  3;0,1,2;,
  3;0,3,1;,
  3;0,4,3;,
  3;0,5,4;,
  3;2,6,7;,
  3;6,2,1;,
  3;8,9,10;,
  3;8,11,9;,
  3;8,12,11;,
  3;8,13,12;,
  3;13,14,12;,
  3;14,13,15;,
  3;16,17,18;,
  3;17,16,19;,
  3;19,10,17;,
  3;10,19,8;,
  3;20,21,22;,
  3;21,20,12;,
  3;20,11,12;,
  3;23,24,25;,
  3;24,23,14;,
  3;24,14,15;,
  3;1,26,6;,
  3;26,1,27;,
  3;14,28,29;,
  3;28,14,23;,
  3;30,21,12;,
  3;21,30,31;,
  3;32,33,34;,
  3;33,32,35;,
  3;36,37,38;,
  3;37,36,39;,
  3;36,40,41;,
  3;40,36,38;,
  3;42,40,43;,
  3;40,42,41;,
  3;44,45,46;,
  3;45,44,47;,
  3;43,45,48;,
  3;45,43,46;,
  3;35,49,33;,
  3;49,35,50;,
  3;44,51,47;,
  3;51,44,37;,
  3;52,53,54;,
  3;53,52,55;,
  3;48,53,56;,
  3;53,48,54;,
  3;50,57,49;,
  3;57,50,58;,
  3;51,55,52;,
  3;55,51,59;,
  3;38,37,44;,
  3;40,46,43;,
  3;47,51,52;,
  3;45,54,48;,
  3;44,40,38;,
  3;40,44,46;,
  3;52,45,47;,
  3;45,52,54;,
  3;14,30,12;,
  3;30,14,29;,
  3;29,28,60;,
  3;30,61,31;,
  3;60,30,29;,
  3;30,60,61;,
  3;0,62,63;,
  3;0,64,62;,
  3;0,65,64;,
  3;0,2,65;,
  3;2,66,65;,
  3;66,2,7;,
  3;8,67,13;,
  3;8,68,67;,
  3;8,69,68;,
  3;8,70,69;,
  3;13,71,15;,
  3;71,13,67;,
  3;16,72,19;,
  3;72,16,73;,
  3;19,70,8;,
  3;70,19,72;,
  3;74,75,76;,
  3;75,74,67;,
  3;75,67,68;,
  3;77,24,71;,
  3;24,77,25;,
  3;71,24,15;,
  3;65,78,79;,
  3;78,65,66;,
  3;80,71,81;,
  3;71,80,77;,
  3;74,82,67;,
  3;82,74,83;,
  3;84,85,86;,
  3;85,84,87;,
  3;88,89,90;,
  3;89,88,91;,
  3;89,92,90;,
  3;92,89,93;,
  3;92,94,95;,
  3;94,92,93;,
  3;96,97,98;,
  3;97,96,99;,
  3;97,95,100;,
  3;95,97,99;,
  3;86,101,102;,
  3;101,86,85;,
  3;103,96,98;,
  3;96,103,88;,
  3;104,53,55;,
  3;53,104,105;,
  3;53,100,56;,
  3;100,53,105;,
  3;102,57,58;,
  3;57,102,101;,
  3;55,103,104;,
  3;103,55,59;,
  3;90,96,88;,
  3;92,95,99;,
  3;98,104,103;,
  3;97,100,105;,
  3;96,92,99;,
  3;92,96,90;,
  3;104,97,105;,
  3;97,104,98;,
  3;71,82,81;,
  3;82,71,67;,
  3;81,106,80;,
  3;82,83,107;,
  3;106,82,107;,
  3;82,106,81;,
  3;108,18,17;,
  3;18,108,109;,
  3;9,17,10;,
  3;17,9,108;,
  3;110,72,73;,
  3;72,110,111;,
  3;111,70,72;,
  3;70,111,69;,
  3;20,109,108;,
  3;109,20,22;,
  3;20,9,11;,
  3;9,20,108;,
  3;76,111,110;,
  3;111,76,75;,
  3;75,69,111;,
  3;69,75,68;;

  MeshNormals {
   112;
   -0.002411;0.085839;0.996306;,
   -0.342855;-0.014762;0.939272;,
   0.000000;0.001281;0.999999;,
   -0.153393;0.117321;0.981176;,
   -0.149137;0.107956;0.982906;,
   -0.168848;0.251035;0.953138;,
   -0.412596;-0.109808;0.904272;,
   0.000000;-0.075238;0.997166;,
   -0.002942;-0.701265;-0.712894;,
   0.527951;-0.575158;-0.624869;,
   0.212710;-0.483545;-0.849081;,
   0.626540;-0.359811;-0.691364;,
   0.697764;-0.162128;-0.697739;,
   -0.000000;-0.015678;-0.999877;,
   0.438857;0.581402;-0.685110;,
   0.000000;0.623913;-0.781494;,
   -0.007428;-0.980840;0.194675;,
   0.221002;-0.975155;0.015227;,
   0.175120;-0.962380;0.207744;,
   -0.003945;-0.999790;0.020089;,
   0.935333;-0.340792;0.094935;,
   0.801027;-0.567850;0.189482;,
   0.848551;-0.367880;0.380297;,
   0.041164;0.978681;-0.201221;,
   0.000000;0.981781;-0.190014;,
   -0.000000;0.996987;-0.077564;,
   -0.962636;-0.033137;0.268765;,
   -0.964561;0.027800;0.262391;,
   0.081516;0.976745;-0.198304;,
   0.631991;0.608540;-0.479861;,
   0.829385;-0.540847;-0.140022;,
   0.191725;-0.952441;0.236849;,
   -0.964561;0.027800;0.262391;,
   -0.906787;-0.021247;-0.421054;,
   -0.962636;-0.033137;0.268765;,
   -0.918363;-0.019615;-0.395253;,
   0.763231;0.587891;-0.268074;,
   0.107254;0.993578;-0.036039;,
   0.744406;0.652772;0.140526;,
   0.081516;0.976745;-0.198304;,
   0.751748;-0.593185;0.288108;,
   0.790149;-0.609339;-0.066113;,
   0.191725;-0.952441;0.236849;,
   0.093213;-0.985223;0.143689;,
   0.625112;0.654191;0.425757;,
   0.423988;-0.564970;0.707844;,
   0.598774;-0.622875;0.503485;,
   0.422893;0.656148;0.625005;,
   0.055585;-0.971638;0.229848;,
   -0.340638;-0.046604;-0.939039;,
   -0.347148;-0.046699;-0.936647;,
   0.044310;0.992361;0.115140;,
   0.089830;0.641413;0.761918;,
   0.002636;-0.645477;0.763775;,
   0.086574;-0.566778;0.819309;,
   0.002177;0.711886;0.702292;,
   0.001142;-0.990938;0.134313;,
   -0.003159;-0.051334;-0.998677;,
   -0.003193;-0.051782;-0.998653;,
   0.000588;0.997355;0.072678;,
   0.763231;0.587891;-0.268074;,
   0.790149;-0.609339;-0.066113;,
   0.150081;0.114356;0.982038;,
   0.198381;0.536785;0.820066;,
   0.153393;0.117321;0.981176;,
   0.342942;-0.014770;0.939241;,
   0.412774;-0.109851;0.904185;,
   -0.697848;-0.162050;-0.697673;,
   -0.626540;-0.359811;-0.691364;,
   -0.507232;-0.600831;-0.617833;,
   -0.190110;-0.504294;-0.842345;,
   -0.439027;0.581376;-0.685023;,
   -0.182992;-0.982116;0.044297;,
   -0.159884;-0.952726;0.258361;,
   -0.801171;-0.567645;0.189486;,
   -0.936830;-0.337752;0.090960;,
   -0.848437;-0.360045;0.387972;,
   -0.041174;0.978681;-0.201216;,
   0.962481;-0.033078;0.269324;,
   0.964470;0.027826;0.262723;,
   -0.081530;0.976731;-0.198365;,
   -0.632055;0.608605;-0.479694;,
   -0.829530;-0.540675;-0.139824;,
   -0.191809;-0.952436;0.236803;,
   0.964470;0.027826;0.262723;,
   0.893624;-0.022592;-0.448247;,
   0.907030;-0.020872;-0.420549;,
   0.962481;-0.033078;0.269324;,
   -0.104655;0.993911;-0.034481;,
   -0.762954;0.587945;-0.268742;,
   -0.744676;0.652584;0.139970;,
   -0.081530;0.976731;-0.198365;,
   -0.737113;-0.592202;0.325516;,
   -0.789921;-0.609568;-0.066720;,
   -0.191809;-0.952436;0.236803;,
   -0.112538;-0.978062;0.175300;,
   -0.664054;0.525890;0.531481;,
   -0.420303;-0.575208;0.701770;,
   -0.385649;0.663249;0.641386;,
   -0.436455;-0.802009;0.407785;,
   -0.053715;-0.971097;0.232561;,
   0.309726;-0.047129;-0.949657;,
   0.315873;-0.047253;-0.947624;,
   -0.042007;0.992056;0.118579;,
   -0.087674;0.641129;0.762409;,
   -0.084000;-0.566826;0.819544;,
   -0.762954;0.587945;-0.268742;,
   -0.789921;-0.609568;-0.066720;,
   0.699131;-0.710014;0.084240;,
   0.594518;-0.724713;0.348338;,
   -0.538403;-0.768771;0.345127;,
   -0.672821;-0.735418;0.080453;;
   148;
   3;0,1,2;,
   3;0,3,1;,
   3;0,4,3;,
   3;0,5,4;,
   3;2,6,7;,
   3;6,2,1;,
   3;8,9,10;,
   3;8,11,9;,
   3;8,12,11;,
   3;8,13,12;,
   3;13,14,12;,
   3;14,13,15;,
   3;16,17,18;,
   3;17,16,19;,
   3;19,10,17;,
   3;10,19,8;,
   3;20,21,22;,
   3;21,20,12;,
   3;20,11,12;,
   3;23,24,25;,
   3;24,23,14;,
   3;24,14,15;,
   3;1,26,6;,
   3;26,1,27;,
   3;14,28,29;,
   3;28,14,23;,
   3;30,21,12;,
   3;21,30,31;,
   3;32,33,34;,
   3;33,32,35;,
   3;36,37,38;,
   3;37,36,39;,
   3;36,40,41;,
   3;40,36,38;,
   3;42,40,43;,
   3;40,42,41;,
   3;44,45,46;,
   3;45,44,47;,
   3;43,45,48;,
   3;45,43,46;,
   3;35,49,33;,
   3;49,35,50;,
   3;44,51,47;,
   3;51,44,37;,
   3;52,53,54;,
   3;53,52,55;,
   3;48,53,56;,
   3;53,48,54;,
   3;50,57,49;,
   3;57,50,58;,
   3;51,55,52;,
   3;55,51,59;,
   3;38,37,44;,
   3;40,46,43;,
   3;47,51,52;,
   3;45,54,48;,
   3;44,40,38;,
   3;40,44,46;,
   3;52,45,47;,
   3;45,52,54;,
   3;14,30,12;,
   3;30,14,29;,
   3;29,28,60;,
   3;30,61,31;,
   3;60,30,29;,
   3;30,60,61;,
   3;0,62,63;,
   3;0,64,62;,
   3;0,65,64;,
   3;0,2,65;,
   3;2,66,65;,
   3;66,2,7;,
   3;8,67,13;,
   3;8,68,67;,
   3;8,69,68;,
   3;8,70,69;,
   3;13,71,15;,
   3;71,13,67;,
   3;16,72,19;,
   3;72,16,73;,
   3;19,70,8;,
   3;70,19,72;,
   3;74,75,76;,
   3;75,74,67;,
   3;75,67,68;,
   3;77,24,71;,
   3;24,77,25;,
   3;71,24,15;,
   3;65,78,79;,
   3;78,65,66;,
   3;80,71,81;,
   3;71,80,77;,
   3;74,82,67;,
   3;82,74,83;,
   3;84,85,86;,
   3;85,84,87;,
   3;88,89,90;,
   3;89,88,91;,
   3;89,92,90;,
   3;92,89,93;,
   3;92,94,95;,
   3;94,92,93;,
   3;96,97,98;,
   3;97,96,99;,
   3;97,95,100;,
   3;95,97,99;,
   3;86,101,102;,
   3;101,86,85;,
   3;103,96,98;,
   3;96,103,88;,
   3;104,53,55;,
   3;53,104,105;,
   3;53,100,56;,
   3;100,53,105;,
   3;102,57,58;,
   3;57,102,101;,
   3;55,103,104;,
   3;103,55,59;,
   3;90,96,88;,
   3;92,95,99;,
   3;98,104,103;,
   3;97,100,105;,
   3;96,92,99;,
   3;92,96,90;,
   3;104,97,105;,
   3;97,104,98;,
   3;71,82,81;,
   3;82,71,67;,
   3;81,106,80;,
   3;82,83,107;,
   3;106,82,107;,
   3;82,106,81;,
   3;108,18,17;,
   3;18,108,109;,
   3;9,17,10;,
   3;17,9,108;,
   3;110,72,73;,
   3;72,110,111;,
   3;111,70,72;,
   3;70,111,69;,
   3;20,109,108;,
   3;109,20,22;,
   3;20,9,11;,
   3;9,20,108;,
   3;76,111,110;,
   3;111,76,75;,
   3;75,69,111;,
   3;69,75,68;;
  }

  MeshMaterialList {
   1;
   148;
   0,
   0,
   0,
   0,
   0,
   0,
   0,
   0,
   0,
   0,
   0,
   0,
   0,
   0,
   0,
   0,
   0,
   0,
   0,
   0,
   0,
   0,
   0,
   0,
   0,
   0,
   0,
   0,
   0,
   0,
   0,
   0,
   0,
   0,
   0,
   0,
   0,
   0,
   0,
   0,
   0,
   0,
   0,
   0,
   0,
   0,
   0,
   0,
   0,
   0,
   0,
   0,
   0,
   0,
   0,
   0,
   0,
   0,
   0,
   0,
   0,
   0,
   0,
   0,
   0,
   0,
   0,
   0,
   0,
   0,
   0,
   0,
   0,
   0,
   0,
   0,
   0,
   0,
   0,
   0,
   0,
   0,
   0,
   0,
   0,
   0,
   0,
   0,
   0,
   0,
   0,
   0,
   0,
   0,
   0,
   0,
   0,
   0,
   0,
   0,
   0,
   0,
   0,
   0,
   0,
   0,
   0,
   0,
   0,
   0,
   0,
   0,
   0,
   0,
   0,
   0,
   0,
   0,
   0,
   0,
   0,
   0,
   0,
   0,
   0,
   0,
   0,
   0,
   0,
   0,
   0,
   0,
   0,
   0,
   0,
   0,
   0,
   0,
   0,
   0,
   0,
   0,
   0,
   0,
   0,
   0,
   0,
   0;
   { _19_-_Defaultaaa }
  }

  MeshTextureCoords c1 {
   112;
   0.496895;0.879523;,
   0.751510;0.760761;,
   0.497269;0.748922;,
   0.726532;0.822642;,
   0.711266;0.848222;,
   0.648745;0.867449;,
   0.737367;0.651368;,
   0.497896;0.631208;,
   0.496895;0.879523;,
   0.711266;0.848222;,
   0.648745;0.867449;,
   0.726532;0.822642;,
   0.751510;0.760761;,
   0.497269;0.748922;,
   0.737367;0.651368;,
   0.497896;0.631208;,
   0.496982;0.981437;,
   0.665811;0.903400;,
   0.678321;0.973403;,
   0.496894;0.921459;,
   0.763598;0.852507;,
   0.856122;0.797242;,
   0.815129;0.889107;,
   0.742970;0.544550;,
   0.498190;0.579967;,
   0.498563;0.515455;,
   0.973377;0.557777;,
   0.992525;0.610267;,
   0.919226;0.522407;,
   0.889075;0.594440;,
   0.918064;0.660129;,
   0.989229;0.672697;,
   0.958032;0.433126;,
   0.748762;0.377550;,
   0.961009;0.393048;,
   0.747541;0.413164;,
   0.961009;0.393048;,
   0.778988;0.343220;,
   0.799408;0.380378;,
   0.968135;0.349998;,
   0.798549;0.415173;,
   0.958032;0.433126;,
   0.957536;0.476843;,
   0.773584;0.449930;,
   0.748762;0.377550;,
   0.689505;0.409045;,
   0.747541;0.413164;,
   0.690546;0.374311;,
   0.652641;0.437672;,
   0.620909;0.372315;,
   0.620187;0.406347;,
   0.655594;0.343063;,
   0.620909;0.372315;,
   0.493378;0.402457;,
   0.620187;0.406347;,
   0.493379;0.368192;,
   0.493378;0.441887;,
   0.493379;0.368192;,
   0.493378;0.402457;,
   0.493379;0.328508;,
   0.973377;0.557777;,
   0.992525;0.610267;,
   0.282729;0.846588;,
   0.361726;0.868141;,
   0.267638;0.821374;,
   0.243133;0.759159;,
   0.258349;0.649320;,
   0.243133;0.759159;,
   0.267638;0.821374;,
   0.282729;0.846588;,
   0.361726;0.868141;,
   0.258349;0.649320;,
   0.344617;0.905795;,
   0.316167;0.971730;,
   0.138479;0.794882;,
   0.230755;0.850968;,
   0.179710;0.887763;,
   0.253832;0.542267;,
   0.023437;0.553536;,
   0.003821;0.605889;,
   0.077854;0.518638;,
   0.107371;0.590994;,
   0.077790;0.656540;,
   0.006549;0.668439;,
   0.028721;0.433116;,
   0.237994;0.377543;,
   0.239212;0.413157;,
   0.025745;0.393038;,
   0.207768;0.343212;,
   0.025745;0.393038;,
   0.187346;0.380370;,
   0.018621;0.349988;,
   0.188204;0.415165;,
   0.028721;0.433116;,
   0.029215;0.476833;,
   0.213167;0.449922;,
   0.237994;0.377543;,
   0.297249;0.409043;,
   0.296211;0.374308;,
   0.239212;0.413157;,
   0.334113;0.437671;,
   0.365849;0.372315;,
   0.366568;0.406346;,
   0.331164;0.343062;,
   0.365849;0.372315;,
   0.366568;0.406346;,
   0.023437;0.553536;,
   0.003821;0.605889;,
   0.738938;0.878019;,
   0.766564;0.933169;,
   0.229880;0.932152;,
   0.255593;0.876438;;
  }

  XSkinMeshHeader {
   5;
   5;
   5;
  }

  SkinWeights {
   "Bip01_Spine1";
   83;
   1,
   2,
   6,
   7,
   12,
   14,
   15,
   21,
   23,
   24,
   25,
   26,
   27,
   28,
   29,
   30,
   31,
   32,
   33,
   34,
   35,
   36,
   37,
   38,
   39,
   40,
   41,
   42,
   43,
   44,
   45,
   46,
   47,
   48,
   49,
   50,
   51,
   52,
   53,
   54,
   55,
   56,
   57,
   58,
   59,
   60,
   61,
   65,
   66,
   67,
   71,
   74,
   77,
   78,
   79,
   80,
   81,
   82,
   83,
   84,
   85,
   86,
   87,
   88,
   89,
   90,
   91,
   92,
   93,
   94,
   95,
   96,
   97,
   98,
   99,
   100,
   101,
   102,
   103,
   104,
   105,
   106,
   107;
   0.006099,
   0.002067,
   0.062074,
   0.060409,
   0.003004,
   0.045704,
   0.049234,
   0.006099,
   0.062074,
   0.058810,
   0.060409,
   0.051605,
   0.027176,
   0.051605,
   0.051847,
   0.026106,
   0.027176,
   0.027176,
   0.079548,
   0.051605,
   0.037967,
   0.050414,
   0.079548,
   0.073415,
   0.051605,
   0.036688,
   0.027595,
   0.027176,
   0.037967,
   0.072232,
   0.038305,
   0.041023,
   0.070838,
   0.037555,
   0.081763,
   0.037555,
   0.081763,
   0.071607,
   0.054331,
   0.045556,
   0.084671,
   0.051107,
   0.083402,
   0.051107,
   0.083402,
   0.050414,
   0.027595,
   0.006100,
   0.062064,
   0.002997,
   0.045677,
   0.006100,
   0.062064,
   0.051607,
   0.027181,
   0.051607,
   0.051853,
   0.026112,
   0.027181,
   0.027181,
   0.079718,
   0.038013,
   0.051607,
   0.079718,
   0.049654,
   0.073613,
   0.051607,
   0.036736,
   0.027604,
   0.027181,
   0.038013,
   0.072385,
   0.039699,
   0.070879,
   0.041062,
   0.035564,
   0.081804,
   0.035564,
   0.081804,
   0.071648,
   0.045573,
   0.049654,
   0.027604;
   -0.000000,1.000000,-0.000001,0.000000,0.981764,0.000001,0.190105,0.000000,0.190105,-0.000001,-0.981764,0.000000,-0.654496,-0.000000,-0.107612,1.000000;;
  }

  SkinWeights {
   "Bip01_Pelvis";
   112;
   0,
   1,
   2,
   3,
   4,
   5,
   6,
   7,
   8,
   9,
   10,
   11,
   12,
   13,
   14,
   15,
   16,
   17,
   18,
   19,
   20,
   21,
   22,
   23,
   24,
   25,
   26,
   27,
   28,
   29,
   30,
   31,
   32,
   33,
   34,
   35,
   36,
   37,
   38,
   39,
   40,
   41,
   42,
   43,
   44,
   45,
   46,
   47,
   48,
   49,
   50,
   51,
   52,
   53,
   54,
   55,
   56,
   57,
   58,
   59,
   60,
   61,
   62,
   63,
   64,
   65,
   66,
   67,
   68,
   69,
   70,
   71,
   72,
   73,
   74,
   75,
   76,
   77,
   78,
   79,
   80,
   81,
   82,
   83,
   84,
   85,
   86,
   87,
   88,
   89,
   90,
   91,
   92,
   93,
   94,
   95,
   96,
   97,
   98,
   99,
   100,
   101,
   102,
   103,
   104,
   105,
   106,
   107,
   108,
   109,
   110,
   111;
   0.567677,
   0.593775,
   0.599107,
   0.576036,
   0.557567,
   0.551060,
   0.537314,
   0.509589,
   0.522398,
   0.522692,
   0.506336,
   0.541232,
   0.564847,
   0.574334,
   0.552165,
   0.509907,
   0.567677,
   0.521599,
   0.551060,
   0.553431,
   0.556988,
   0.593775,
   0.576036,
   0.537314,
   0.508086,
   0.509589,
   0.593940,
   0.642248,
   0.593940,
   0.564507,
   0.611781,
   0.642248,
   0.642248,
   0.651770,
   0.593940,
   0.717771,
   0.621916,
   0.651770,
   0.666260,
   0.593940,
   0.726294,
   0.657173,
   0.642248,
   0.717771,
   0.685369,
   0.767990,
   0.752217,
   0.694453,
   0.790346,
   0.664338,
   0.790346,
   0.664338,
   0.693458,
   0.738168,
   0.772568,
   0.654428,
   0.741953,
   0.651346,
   0.741953,
   0.651346,
   0.621916,
   0.657173,
   0.557571,
   0.554552,
   0.576066,
   0.593806,
   0.537388,
   0.564882,
   0.541240,
   0.522652,
   0.510307,
   0.552314,
   0.529836,
   0.554552,
   0.593806,
   0.556987,
   0.576066,
   0.537388,
   0.593955,
   0.642248,
   0.593955,
   0.564514,
   0.611772,
   0.642248,
   0.642248,
   0.651451,
   0.717535,
   0.593955,
   0.651451,
   0.612407,
   0.665892,
   0.593955,
   0.726039,
   0.657155,
   0.642248,
   0.717535,
   0.685078,
   0.781517,
   0.694345,
   0.751943,
   0.767986,
   0.664231,
   0.767986,
   0.664231,
   0.693357,
   0.772528,
   0.612407,
   0.657155,
   0.537364,
   0.557567,
   0.557571,
   0.537357;
   -0.000001,1.000000,0.000003,0.000000,1.000000,0.000001,0.000000,0.000000,-0.000000,0.000003,-1.000000,0.000000,-0.505118,-0.000001,0.012205,1.000000;;
  }

  SkinWeights {
   "Bip01_Spine";
   112;
   0,
   1,
   2,
   3,
   4,
   5,
   6,
   7,
   8,
   9,
   10,
   11,
   12,
   13,
   14,
   15,
   16,
   17,
   18,
   19,
   20,
   21,
   22,
   23,
   24,
   25,
   26,
   27,
   28,
   29,
   30,
   31,
   32,
   33,
   34,
   35,
   36,
   37,
   38,
   39,
   40,
   41,
   42,
   43,
   44,
   45,
   46,
   47,
   48,
   49,
   50,
   51,
   52,
   53,
   54,
   55,
   56,
   57,
   58,
   59,
   60,
   61,
   62,
   63,
   64,
   65,
   66,
   67,
   68,
   69,
   70,
   71,
   72,
   73,
   74,
   75,
   76,
   77,
   78,
   79,
   80,
   81,
   82,
   83,
   84,
   85,
   86,
   87,
   88,
   89,
   90,
   91,
   92,
   93,
   94,
   95,
   96,
   97,
   98,
   99,
   100,
   101,
   102,
   103,
   104,
   105,
   106,
   107,
   108,
   109,
   110,
   111;
   0.025726,
   0.079058,
   0.074447,
   0.043809,
   0.034341,
   0.025725,
   0.241497,
   0.240454,
   0.024269,
   0.030208,
   0.027576,
   0.039825,
   0.071836,
   0.072125,
   0.203289,
   0.221346,
   0.025726,
   0.025585,
   0.025725,
   0.023872,
   0.040280,
   0.079058,
   0.043809,
   0.241497,
   0.240178,
   0.240454,
   0.211968,
   0.136119,
   0.211968,
   0.210591,
   0.132953,
   0.136119,
   0.136119,
   0.262497,
   0.211968,
   0.160661,
   0.204133,
   0.262497,
   0.244615,
   0.211968,
   0.152887,
   0.134429,
   0.136119,
   0.160661,
   0.242400,
   0.160282,
   0.169262,
   0.234710,
   0.163348,
   0.253900,
   0.163348,
   0.253900,
   0.234935,
   0.207501,
   0.181876,
   0.260901,
   0.206940,
   0.265252,
   0.206940,
   0.265252,
   0.204133,
   0.134429,
   0.034338,
   0.028204,
   0.043802,
   0.079049,
   0.241425,
   0.071803,
   0.039817,
   0.030178,
   0.027992,
   0.203193,
   0.025759,
   0.028204,
   0.079049,
   0.040274,
   0.043802,
   0.241425,
   0.211935,
   0.136106,
   0.211935,
   0.210552,
   0.132931,
   0.136106,
   0.136106,
   0.262645,
   0.160736,
   0.211935,
   0.262645,
   0.200992,
   0.244790,
   0.211935,
   0.152965,
   0.134419,
   0.136106,
   0.160736,
   0.242537,
   0.166012,
   0.234776,
   0.169316,
   0.154580,
   0.253965,
   0.154580,
   0.253965,
   0.234994,
   0.181899,
   0.200992,
   0.134419,
   0.030521,
   0.034341,
   0.034338,
   0.030516;
   -0.000000,1.000000,-0.000001,0.000000,0.998191,0.000000,0.060114,0.000000,0.060114,-0.000001,-0.998191,0.000000,-0.556478,-0.000000,-0.021201,1.000000;;
  }

  SkinWeights {
   "Bip01_L_Thigh";
   86;
   0,
   1,
   2,
   3,
   4,
   5,
   6,
   7,
   8,
   9,
   10,
   11,
   12,
   13,
   14,
   15,
   16,
   17,
   18,
   19,
   20,
   21,
   22,
   23,
   24,
   25,
   26,
   27,
   28,
   29,
   30,
   31,
   32,
   33,
   34,
   35,
   36,
   37,
   38,
   39,
   40,
   41,
   42,
   43,
   45,
   46,
   48,
   50,
   60,
   61,
   62,
   63,
   64,
   65,
   66,
   67,
   68,
   69,
   70,
   71,
   72,
   73,
   74,
   75,
   76,
   77,
   78,
   79,
   80,
   81,
   82,
   83,
   84,
   87,
   89,
   91,
   93,
   94,
   100,
   102,
   106,
   107,
   108,
   109,
   110,
   111;
   0.203271,
   0.244288,
   0.162177,
   0.275417,
   0.289725,
   0.275268,
   0.113862,
   0.094762,
   0.226651,
   0.319701,
   0.302539,
   0.307830,
   0.276729,
   0.176755,
   0.151176,
   0.109741,
   0.203271,
   0.298342,
   0.275268,
   0.211335,
   0.299361,
   0.244288,
   0.275417,
   0.113862,
   0.096449,
   0.094762,
   0.116310,
   0.156772,
   0.116310,
   0.143599,
   0.187559,
   0.156772,
   0.156772,
   0.006185,
   0.116310,
   0.083601,
   0.123537,
   0.006185,
   0.015710,
   0.116310,
   0.084131,
   0.154729,
   0.156772,
   0.083601,
   0.028858,
   0.037498,
   0.008750,
   0.008750,
   0.123537,
   0.154729,
   0.118332,
   0.145627,
   0.104696,
   0.076734,
   0.045235,
   0.083559,
   0.111066,
   0.127374,
   0.169805,
   0.047633,
   0.158675,
   0.145627,
   0.076734,
   0.103331,
   0.104696,
   0.045235,
   0.026176,
   0.037683,
   0.026176,
   0.029455,
   0.041603,
   0.037683,
   0.037683,
   0.026176,
   0.015273,
   0.026176,
   0.026075,
   0.037683,
   0.012275,
   0.012275,
   0.015273,
   0.026075,
   0.313402,
   0.289725,
   0.118332,
   0.118676;
   0.115781,-0.993257,0.005905,0.000000,-0.991969,-0.115932,-0.050572,0.000000,0.050916,-0.000002,-0.998703,0.000000,0.494046,0.113412,0.037408,1.000000;;
  }

  SkinWeights {
   "Bip01_R_Thigh";
   83;
   0,
   1,
   2,
   3,
   4,
   5,
   6,
   7,
   8,
   9,
   10,
   11,
   12,
   13,
   14,
   15,
   16,
   17,
   18,
   19,
   20,
   21,
   22,
   23,
   24,
   25,
   26,
   27,
   28,
   29,
   30,
   31,
   32,
   34,
   39,
   41,
   42,
   45,
   61,
   62,
   63,
   64,
   65,
   66,
   67,
   68,
   69,
   70,
   71,
   72,
   73,
   74,
   75,
   76,
   77,
   78,
   79,
   80,
   81,
   82,
   83,
   84,
   85,
   86,
   87,
   88,
   89,
   90,
   91,
   92,
   93,
   94,
   95,
   97,
   99,
   100,
   102,
   106,
   107,
   108,
   109,
   110,
   111;
   0.203326,
   0.076779,
   0.162202,
   0.104738,
   0.118367,
   0.147946,
   0.045253,
   0.094786,
   0.226682,
   0.127399,
   0.163549,
   0.111113,
   0.083584,
   0.176786,
   0.047665,
   0.109773,
   0.203326,
   0.154474,
   0.147946,
   0.211363,
   0.103371,
   0.076779,
   0.104738,
   0.045253,
   0.096477,
   0.094786,
   0.026178,
   0.037684,
   0.026178,
   0.029455,
   0.041602,
   0.037684,
   0.037684,
   0.026178,
   0.026178,
   0.026074,
   0.037684,
   0.004564,
   0.026074,
   0.289759,
   0.271616,
   0.275436,
   0.244311,
   0.113888,
   0.276759,
   0.307878,
   0.319796,
   0.291896,
   0.151183,
   0.285731,
   0.271616,
   0.244311,
   0.299407,
   0.275436,
   0.113888,
   0.116326,
   0.156783,
   0.116326,
   0.143626,
   0.187582,
   0.156783,
   0.156783,
   0.006186,
   0.083717,
   0.116326,
   0.006186,
   0.121673,
   0.015706,
   0.116326,
   0.084260,
   0.154747,
   0.156783,
   0.083717,
   0.012772,
   0.037679,
