xof 0303txt 0032
template ColorRGBA {
 <35ff44e0-6c7c-11cf-8f52-0040333594a3>
 FLOAT red;
 FLOAT green;
 FLOAT blue;
 FLOAT alpha;
}

template ColorRGB {
 <d3e16e81-7835-11cf-8f52-0040333594a3>
 FLOAT red;
 FLOAT green;
 FLOAT blue;
}

template Material {
 <3d82ab4d-62da-11cf-ab39-0020af71e433>
 ColorRGBA faceColor;
 FLOAT power;
 ColorRGB specularColor;
 ColorRGB emissiveColor;
 [...]
}

template TextureFilename {
 <a42790e1-7810-11cf-8f52-0040333594a3>
 STRING filename;
}

template Frame {
 <3d82ab46-62da-11cf-ab39-0020af71e433>
 [...]
}

template Matrix4x4 {
 <f6f23f45-7686-11cf-8f52-0040333594a3>
 array FLOAT matrix[16];
}

template FrameTransformMatrix {
 <f6f23f41-7686-11cf-8f52-0040333594a3>
 Matrix4x4 frameMatrix;
}

template Vector {
 <3d82ab5e-62da-11cf-ab39-0020af71e433>
 FLOAT x;
 FLOAT y;
 FLOAT z;
}

template MeshFace {
 <3d82ab5f-62da-11cf-ab39-0020af71e433>
 DWORD nFaceVertexIndices;
 array DWORD faceVertexIndices[nFaceVertexIndices];
}

template Mesh {
 <3d82ab44-62da-11cf-ab39-0020af71e433>
 DWORD nVertices;
 array Vector vertices[nVertices];
 DWORD nFaces;
 array MeshFace faces[nFaces];
 [...]
}

template MeshNormals {
 <f6f23f43-7686-11cf-8f52-0040333594a3>
 DWORD nNormals;
 array Vector normals[nNormals];
 DWORD nFaceNormals;
 array MeshFace faceNormals[nFaceNormals];
}

template MeshMaterialList {
 <f6f23f42-7686-11cf-8f52-0040333594a3>
 DWORD nMaterials;
 DWORD nFaceIndexes;
 array DWORD faceIndexes[nFaceIndexes];
 [Material <3d82ab4d-62da-11cf-ab39-0020af71e433>]
}

template Coords2d {
 <f6f23f44-7686-11cf-8f52-0040333594a3>
 FLOAT u;
 FLOAT v;
}

template MeshTextureCoords {
 <f6f23f40-7686-11cf-8f52-0040333594a3>
 DWORD nTextureCoords;
 array Coords2d textureCoords[nTextureCoords];
}

template XSkinMeshHeader {
 <3cf169ce-ff7c-44ab-93c0-f78f62d172e2>
 WORD nMaxSkinWeightsPerVertex;
 WORD nMaxSkinWeightsPerFace;
 WORD nBones;
}

template SkinWeights {
 <6f0d123b-bad2-4167-a0d0-80224f25fabb>
 STRING transformNodeName;
 DWORD nWeights;
 array DWORD vertexIndices[nWeights];
 array FLOAT weights[nWeights];
 Matrix4x4 matrixOffset;
}

template AnimTicksPerSecond {
 <9e415a43-7ba6-4a73-8743-b73d47e88476>
 DWORD AnimTicksPerSecond;
}

template Animation {
 <3d82ab4f-62da-11cf-ab39-0020af71e433>
 [...]
}

template AnimationSet {
 <3d82ab50-62da-11cf-ab39-0020af71e433>
 [Animation <3d82ab4f-62da-11cf-ab39-0020af71e433>]
}

template FloatKeys {
 <10dd46a9-775b-11cf-8f52-0040333594a3>
 DWORD nValues;
 array FLOAT values[nValues];
}

template TimedFloatKeys {
 <f406b180-7b3b-11cf-8f52-0040333594a3>
 DWORD time;
 FloatKeys tfkeys;
}

template AnimationKey {
 <10dd46a8-775b-11cf-8f52-0040333594a3>
 DWORD keyType;
 DWORD nKeys;
 array TimedFloatKeys keys[nKeys];
}


Material _04_-_Default {
 1.000000;1.000000;1.000000;1.000000;;
 9.999999;
 0.000000;0.000000;0.000000;;
 0.000000;0.000000;0.000000;;

 TextureFilename {
  "Jacket_Ranger.png";
 }
}

Frame Dummy01 {
 

 FrameTransformMatrix {
  1.000000,0.000000,0.000000,0.000000,0.000000,-0.000000,-1.000000,0.000000,0.000000,1.000000,-0.000000,0.000000,0.000000,0.000000,0.000000,1.000000;;
 }

 Frame Bip01 {
  

  FrameTransformMatrix {
   -0.087155,0.982405,-0.165183,0.000000,-0.000001,0.165814,0.986157,0.000000,0.996195,0.085949,-0.014450,0.000000,-0.010000,-0.012284,0.490453,1.000000;;
  }

  Frame Bip01_Pelvis {
   

   FrameTransformMatrix {
    0.000000,1.000000,-0.000001,0.000000,-0.000001,0.000001,1.000000,0.000000,1.000000,0.000000,0.000001,0.000000,0.000000,0.000000,0.000000,1.000000;;
   }

   Frame Bip01_Spine {
    

    FrameTransformMatrix {
     0.984686,0.000002,-0.174337,0.000000,-0.000001,1.000000,0.000004,0.000000,0.174337,-0.000004,0.984686,0.000000,0.051619,0.000000,-0.000083,1.000000;;
    }

    Frame Bip01_Spine1 {
     

     FrameTransformMatrix {
      0.997819,0.052687,0.039774,0.000000,-0.044862,0.983198,-0.176942,0.000000,-0.048428,0.174771,0.983417,0.000000,0.106484,-0.000015,-0.000083,1.000000;;
     }

     Frame Bip01_Neck {
      

      FrameTransformMatrix {
       0.966067,-0.020835,0.257451,0.000000,0.025191,0.999590,-0.013632,0.000000,-0.257061,0.019655,0.966195,0.000000,0.130511,-0.000001,0.004626,1.000000;;
      }

      Frame Bip01_Head {
       

       FrameTransformMatrix {
        0.989321,-0.051753,-0.136255,0.000000,0.064251,0.993958,0.088989,0.000000,0.130826,-0.096793,0.986669,0.000000,0.033674,-0.000000,0.000000,1.000000;;
       }

       Frame Bip01_HeadNub {
        

        FrameTransformMatrix {
         1.000000,-0.000000,-0.000000,0.000000,-0.000000,1.000000,0.000000,0.000000,0.000000,-0.000000,1.000000,0.000000,0.169824,0.000000,-0.000000,1.000000;;
        }
       }
      }

      Frame Bip01_L_Clavicle {
       

       FrameTransformMatrix {
        -0.205975,0.976135,0.068811,0.000000,0.943873,0.216738,-0.249254,0.000000,-0.258220,0.013609,-0.965990,0.000000,-0.024734,0.015166,0.002017,1.000000;;
       }

       Frame Bip01_L_UpperArm {
        

        FrameTransformMatrix {
         0.385871,-0.777669,0.496320,0.000000,0.922466,0.332598,-0.196046,0.000000,-0.012616,0.533487,0.845714,0.000000,0.073469,0.000000,-0.000000,1.000000;;
        }

        Frame Bip01_L_Forearm {
         

         FrameTransformMatrix {
          0.943939,0.000000,-0.330119,0.000000,0.000000,1.000000,-0.000000,0.000000,0.330119,-0.000000,0.943939,0.000000,0.148340,0.000000,-0.000000,1.000000;;
         }

         Frame Bip01_L_Hand {
          

          FrameTransformMatrix {
           1.000000,-0.000000,0.000000,0.000000,0.000000,0.000796,1.000000,0.000000,0.000000,-1.000000,0.000796,0.000000,0.131860,-0.000000,0.000000,1.000000;;
          }

          Frame Bip01_L_Finger0 {
           

           FrameTransformMatrix {
            0.690342,-0.181727,0.700288,0.000000,0.558537,0.749101,-0.356210,0.000000,-0.459853,0.637043,0.618637,0.000000,0.057681,-0.023605,-0.000272,1.000000;;
           }

           Frame Bip01_L_Finger0Nub {
            

            FrameTransformMatrix {
             1.000000,0.000000,0.000000,0.000000,0.000000,1.000000,0.000000,0.000000,-0.000000,0.000000,1.000000,0.000000,0.029435,0.000000,0.000000,1.000000;;
            }
           }
          }

          Frame Bip01_L_Finger1 {
           

           FrameTransformMatrix {
            0.728079,-0.000546,0.685493,0.000000,0.000000,1.000000,0.000796,0.000000,-0.685493,-0.000580,0.728079,0.000000,0.084102,0.000000,0.000000,1.000000;;
           }

           Frame Bip01_L_Finger1Nub {
            

            FrameTransformMatrix {
             1.000000,0.000000,0.000000,0.000000,-0.000000,1.000000,0.000000,0.000000,-0.000000,0.000000,1.000000,0.000000,0.047988,-0.000000,0.000000,1.000000;;
            }
           }
          }
         }
        }
       }
      }

      Frame Bip01_R_Clavicle {
       

       FrameTransformMatrix {
        -0.028509,-0.999573,-0.006461,0.000000,-0.965665,0.025871,0.258498,0.000000,-0.258220,0.013609,-0.965990,0.000000,-0.024080,-0.016250,0.001399,1.000000;;
       }

       Frame Bip01_R_UpperArm {
        

        FrameTransformMatrix {
         0.221390,0.975047,0.016433,0.000000,-0.974986,0.221654,-0.016512,0.000000,-0.019742,-0.012366,0.999728,0.000000,0.073469,0.000000,-0.000000,1.000000;;
        }

        Frame Bip01_R_Forearm {
         

         FrameTransformMatrix {
          0.915660,-0.000000,-0.401954,0.000000,-0.000000,1.000000,-0.000000,0.000000,0.401954,-0.000000,0.915660,0.000000,0.148340,0.000000,-0.000000,1.000000;;
         }

         Frame Bip01_R_Hand {
          

          FrameTransformMatrix {
           0.975195,-0.000000,-0.221346,0.000000,-0.221346,0.000796,-0.975195,0.000000,0.000176,1.000000,0.000777,0.000000,0.131860,0.000000,0.000000,1.000000;;
          }

          Frame Bip01_R_Finger0 {
           

           FrameTransformMatrix {
            0.417774,-0.116941,0.900994,0.000000,-0.558537,0.749101,0.356210,0.000000,-0.716591,-0.652054,0.247639,0.000000,0.057681,0.023605,-0.000272,1.000000;;
           }

           Frame Bip01_R_Finger0Nub {
            

            FrameTransformMatrix {
             -1.000000,0.000000,0.000000,0.000000,0.000000,1.000000,-0.000000,0.000000,0.000000,0.000000,-1.000000,0.000000,0.029435,0.000000,-0.000000,1.000000;;
            }
           }
          }

          Frame Bip01_R_Finger1 {
           

           FrameTransformMatrix {
            0.352436,0.000745,0.935835,0.000000,-0.000000,1.000000,-0.000796,0.000000,-0.935836,0.000281,0.352436,0.000000,0.084102,-0.000000,0.000000,1.000000;;
           }

           Frame Bip01_R_Finger1Nub {
            

            FrameTransformMatrix {
             -1.000000,0.000000,0.000000,0.000000,0.000000,1.000000,-0.000000,0.000000,-0.000000,0.000000,-1.000000,0.000000,0.047988,0.000000,-0.000000,1.000000;;
            }
           }
          }
         }
        }
       }
      }
     }

     Frame Bip01_BackPack {
      

      FrameTransformMatrix {
       0.180560,0.080500,-0.980264,0.000000,0.047560,0.994764,0.090451,0.000000,0.982413,-0.062954,0.175786,0.000000,0.063697,0.000003,-0.088856,1.000000;;
      }

      Frame Bip01_BackPackNub {
       

       FrameTransformMatrix {
        0.000796,0.000003,1.000000,0.000000,0.000000,-1.000000,0.000003,0.000000,1.000000,-0.000000,-0.000796,0.000000,0.053240,0.000000,0.000000,1.000000;;
       }
      }
     }
    }

    Frame Bip01_L_Thigh {
     

     FrameTransformMatrix {
      -0.888504,0.030427,0.457858,0.000000,-0.032107,-0.999476,0.004114,0.000000,0.457744,-0.011045,0.889016,0.000000,-0.050843,0.055225,-0.008917,1.000000;;
     }

     Frame Bip01_L_Calf {
      

      FrameTransformMatrix {
       0.942235,-0.000000,-0.334952,0.000000,-0.000000,1.000000,-0.000000,0.000000,0.334952,-0.000000,0.942235,0.000000,0.237500,0.000000,-0.000000,1.000000;;
      }

      Frame Bip01_L_Foot {
       

       FrameTransformMatrix {
        0.924325,-0.026487,0.380687,0.000000,-0.068962,0.969570,0.234901,0.000000,-0.375325,-0.243378,0.894371,0.000000,0.206841,0.000000,0.000000,1.000000;;
       }

       Frame Bip01_L_Toe0 {
        

        FrameTransformMatrix {
         0.000000,0.000000,1.000000,0.000000,0.000000,1.000000,-0.000000,0.000000,-1.000000,0.000000,0.000000,0.000000,0.065373,0.000000,0.066450,1.000000;;
        }

        Frame Bip01_L_Toe0Nub {
         

         FrameTransformMatrix {
          -1.000000,0.000000,0.000000,0.000000,0.000000,1.000000,0.000000,0.000000,0.000000,0.000000,-1.000000,0.000000,0.006735,-0.000000,0.000000,1.000000;;
         }
        }
       }
      }
     }
    }

    Frame Bip01_R_Thigh {
     

     FrameTransformMatrix {
      -0.996965,0.030321,-0.071704,0.000000,-0.029454,-0.999480,-0.013113,0.000000,-0.072065,-0.010961,0.997340,0.000000,-0.050843,-0.055225,-0.008917,1.000000;;
     }

     Frame Bip01_R_Calf {
      

      FrameTransformMatrix {
       0.730239,0.000000,-0.683192,0.000000,0.000000,1.000000,0.000000,0.000000,0.683192,0.000000,0.730239,0.000000,0.237500,0.000000,0.000000,1.000000;;
      }

      Frame Bip01_R_Foot {
       

       FrameTransformMatrix {
        0.991957,0.087165,-0.091782,0.000000,-0.093276,0.993546,-0.064539,0.000000,0.085565,0.072581,0.993685,0.000000,0.206841,0.000000,0.000000,1.000000;;
       }

       Frame Bip01_R_Toe0 {
        

        FrameTransformMatrix {
         0.000000,0.000000,1.000000,0.000000,0.000000,1.000000,-0.000000,0.000000,-1.000000,0.000000,0.000000,0.000000,0.065373,0.000000,0.066450,1.000000;;
        }

        Frame Bip01_R_Toe0Nub {
         

         FrameTransformMatrix {
          1.000000,0.000000,0.000000,0.000000,0.000000,1.000000,-0.000000,0.000000,-0.000000,-0.000000,1.000000,0.000000,0.006735,-0.000000,0.000000,1.000000;;
         }
        }
       }
      }
     }
    }
   }

   Frame Bip01_DressFront {
    

    FrameTransformMatrix {
     -0.880185,-0.088339,0.466338,0.000000,0.121847,0.907542,0.401896,0.000000,-0.458725,0.410564,-0.788041,0.000000,-0.043935,0.001339,0.061057,1.000000;;
    }

    Frame Bip01_DressFront02 {
     

     FrameTransformMatrix {
      0.912593,0.000001,0.408870,0.000000,-0.000001,1.000000,-0.000000,0.000000,-0.408870,-0.000000,0.912593,0.000000,0.183378,-0.000000,-0.000120,1.000000;;
     }

     Frame Bip01_DressFrontNub {
      

      FrameTransformMatrix {
       0.000796,0.000003,1.000000,0.000000,0.000000,-1.000000,0.000003,0.000000,1.000000,0.000000,-0.000796,0.000000,0.165302,0.000000,0.000000,1.000000;;
      }
     }
    }
   }

   Frame Bip01_DressBack {
    

    FrameTransformMatrix {
     -0.886023,0.038029,0.462080,0.000000,0.191625,0.937561,0.290274,0.000000,-0.422190,0.345735,-0.837988,0.000000,-0.047673,-0.000048,-0.078302,1.000000;;
    }

    Frame Bip01_DressBack02 {
     

     FrameTransformMatrix {
      0.936852,0.174932,-0.302833,0.000000,-0.166408,0.984581,0.053939,0.000000,0.307600,-0.000139,0.951516,0.000000,0.176125,0.000000,-0.000103,1.000000;;
     }

     Frame Bip01_DressBackNub {
      

      FrameTransformMatrix {
       0.000796,0.000003,1.000000,0.000000,0.000000,-1.000000,0.000003,0.000000,1.000000,0.000000,-0.000796,0.000000,0.136508,0.000000,0.000000,1.000000;;
      }
     }
    }
   }
  }

  Frame Bip01_Prop1 {
   

   FrameTransformMatrix {
    -0.233929,-0.108090,0.966227,0.000000,0.687222,0.684611,0.242967,0.000000,-0.687752,0.720849,-0.085868,0.000000,0.072994,-0.055506,-0.134034,1.000000;;
   }
  }

  Frame Bip01_Prop2 {
   

   FrameTransformMatrix {
    -0.163643,-0.967062,0.194966,0.000000,0.985576,-0.168906,-0.010564,0.000000,0.043147,0.190425,0.980753,0.000000,-0.140709,-0.103585,0.102365,1.000000;;
   }
  }
 }
}

Frame Kate_Jacket {
 

 FrameTransformMatrix {
  1.000000,0.000000,0.000000,0.000000,0.000000,1.000000,0.000000,0.000000,0.000000,0.000000,1.000000,0.000000,0.000000,0.000000,0.000000,1.000000;;
 }

 Mesh Kate_Jacket {
  291;
  0.063897;0.771842;-0.001197;,
  0.032882;0.774517;0.001190;,
  0.065960;0.792509;0.013321;,
  0.067087;0.729069;-0.017370;,
  0.049167;0.703760;-0.048857;,
  0.043694;0.734300;-0.029550;,
  0.072330;0.698071;-0.031370;,
  0.027420;0.812360;0.063409;,
  0.073890;0.787346;0.083526;,
  0.061840;0.804999;0.057268;,
  0.045388;0.780770;0.089066;,
  0.085485;0.565485;0.057739;,
  0.041308;0.596125;0.080376;,
  0.046588;0.574338;0.090911;,
  0.076979;0.592972;0.046814;,
  0.086156;0.579814;0.000794;,
  0.095597;0.549472;0.006960;,
  0.059258;0.561924;-0.030174;,
  0.080567;0.512072;-0.017090;,
  0.045120;0.505713;-0.028012;,
  0.019632;0.702670;-0.048412;,
  0.016927;0.724854;-0.032543;,
  -0.000000;0.579260;0.087135;,
  0.000000;0.555384;0.095198;,
  0.043207;0.647738;0.069770;,
  0.000000;0.672889;0.076974;,
  0.000000;0.648917;0.074204;,
  0.046565;0.683250;0.078834;,
  0.089677;0.527268;0.078045;,
  0.047225;0.529047;0.108439;,
  0.106426;0.518482;0.019040;,
  0.039592;0.608521;0.073144;,
  0.065825;0.648180;0.056985;,
  0.073556;0.656294;0.036138;,
  0.069789;0.655395;-0.004598;,
  0.080436;0.687734;0.037878;,
  0.070655;0.665026;-0.004605;,
  0.044078;0.656599;-0.035934;,
  0.045643;0.657797;-0.034693;,
  0.019116;0.661916;-0.036659;,
  0.015894;0.661683;-0.036290;,
  0.135223;0.788812;0.009585;,
  0.177489;0.736957;0.018415;,
  0.133906;0.742796;0.015965;,
  0.185828;0.793447;0.018004;,
  0.232660;0.734189;0.025000;,
  0.239138;0.785347;0.032174;,
  0.124004;0.744903;0.072475;,
  0.177489;0.736957;0.018415;,
  0.172210;0.743759;0.082467;,
  0.133906;0.742796;0.015965;,
  0.223797;0.742645;0.084640;,
  0.232660;0.734189;0.025000;,
  0.101816;0.758496;0.075468;,
  0.126886;0.770852;0.075932;,
  0.102245;0.739972;0.062721;,
  0.229949;0.785435;0.073728;,
  0.179446;0.794787;0.072026;,
  0.133506;0.801561;0.047182;,
  0.264302;0.786153;0.026382;,
  0.322846;0.727271;0.022143;,
  0.261237;0.724530;0.021619;,
  0.322564;0.771144;0.020336;,
  0.363207;0.727135;0.018803;,
  0.371536;0.760688;0.018161;,
  0.261237;0.724530;0.021619;,
  0.321299;0.736299;0.075443;,
  0.257790;0.735286;0.088487;,
  0.322846;0.727271;0.022143;,
  0.369171;0.739898;0.066607;,
  0.363207;0.727135;0.018803;,
  0.320511;0.771527;0.073786;,
  0.260527;0.786632;0.076796;,
  0.372257;0.762597;0.062895;,
  0.094810;0.809328;0.063000;,
  0.098059;0.811761;0.037040;,
  0.061840;0.804999;0.057268;,
  0.064105;0.806630;0.037055;,
  0.072005;0.690728;0.077067;,
  0.032069;0.813039;0.039834;,
  0.094965;0.797717;0.007118;,
  0.063897;0.771842;-0.001197;,
  0.065960;0.792509;0.013321;,
  0.095987;0.769061;-0.000180;,
  0.050083;0.733431;0.091534;,
  0.000000;0.776783;0.089498;,
  0.000000;0.718394;0.087719;,
  0.073890;0.787346;0.083526;,
  0.087716;0.746126;0.082318;,
  0.085069;0.725956;0.025005;,
  0.094823;0.743814;0.008825;,
  0.090897;0.733222;0.068968;,
  0.071241;0.746770;-0.005494;,
  0.078891;0.684971;-0.001874;,
  0.079501;0.692906;0.015620;,
  0.080008;0.686346;0.056781;,
  0.064105;0.806630;0.037055;,
  0.000000;0.740693;-0.026246;,
  0.031628;0.800550;0.023942;,
  0.000000;0.559855;-0.038413;,
  0.000000;0.498285;-0.033522;,
  0.000000;0.526314;0.105960;,
  0.000000;0.811367;0.070688;,
  0.000000;0.617834;-0.040013;,
  0.044640;0.618874;-0.033647;,
  0.072067;0.619851;0.000753;,
  0.069182;0.612087;0.041668;,
  0.000000;0.605162;0.078278;,
  0.032069;0.813039;0.039834;,
  0.064105;0.806630;0.037055;,
  0.129996;0.790293;0.066258;,
  0.084918;0.735454;0.083338;,
  0.090897;0.733222;0.068968;,
  0.087716;0.746126;0.082318;,
  0.078806;0.717409;0.037984;,
  0.085069;0.725956;0.025005;,
  0.077193;0.716736;-0.002923;,
  0.071241;0.746770;-0.005494;,
  0.019490;0.671645;-0.045972;,
  0.050058;0.667865;-0.045746;,
  0.069761;0.668850;-0.023462;,
  0.040989;0.747750;-0.021417;,
  0.071241;0.746770;-0.005494;,
  0.094823;0.743814;0.008825;,
  0.007950;0.703062;-0.042357;,
  0.007848;0.673324;-0.040024;,
  0.000000;0.676140;-0.039227;,
  -0.000000;0.703379;-0.041256;,
  0.078806;0.717409;0.037984;,
  -0.063897;0.771842;-0.001197;,
  -0.065960;0.792509;0.013321;,
  -0.032882;0.774517;0.001190;,
  -0.067087;0.729069;-0.017370;,
  -0.049167;0.703760;-0.048857;,
  -0.072330;0.698071;-0.031370;,
  -0.043694;0.734300;-0.029550;,
  -0.027420;0.812360;0.063409;,
  -0.073890;0.787346;0.083526;,
  -0.045388;0.780770;0.089066;,
  -0.061840;0.804999;0.057268;,
  -0.085485;0.565485;0.057739;,
  -0.041308;0.596125;0.080376;,
  -0.076979;0.592972;0.046814;,
  -0.046588;0.574338;0.090911;,
  -0.086156;0.579814;0.000794;,
  -0.095597;0.549472;0.006960;,
  -0.059258;0.561924;-0.030174;,
  -0.080567;0.512072;-0.017090;,
  -0.045120;0.505713;-0.028012;,
  -0.019632;0.702670;-0.048412;,
  -0.016927;0.724854;-0.032543;,
  -0.000000;0.579260;0.087135;,
  0.000000;0.555384;0.095198;,
  -0.043207;0.647738;0.069770;,
  0.000000;0.672889;0.076974;,
  -0.046565;0.683250;0.078834;,
  0.000000;0.648917;0.074204;,
  -0.089677;0.527268;0.078045;,
  -0.047225;0.529047;0.108439;,
  -0.106426;0.518482;0.019040;,
  -0.039592;0.608521;0.073144;,
  -0.065825;0.648180;0.056985;,
  -0.073556;0.656294;0.036138;,
  -0.080436;0.687734;0.037878;,
  -0.069789;0.655395;-0.004598;,
  -0.070655;0.665026;-0.004605;,
  -0.044078;0.656599;-0.035934;,
  -0.045643;0.657797;-0.034693;,
  -0.019116;0.661916;-0.036659;,
  -0.015894;0.661683;-0.036290;,
  -0.135223;0.788812;0.009585;,
  -0.133906;0.742796;0.015965;,
  -0.177489;0.736957;0.018415;,
  -0.185828;0.793447;0.018004;,
  -0.232660;0.734189;0.025000;,
  -0.239138;0.785347;0.032174;,
  -0.124004;0.744903;0.072475;,
  -0.177489;0.736957;0.018415;,
  -0.133906;0.742796;0.015965;,
  -0.172210;0.743759;0.082467;,
  -0.223797;0.742645;0.084640;,
  -0.232660;0.734189;0.025000;,
  -0.101816;0.758496;0.075468;,
  -0.102245;0.739972;0.062721;,
  -0.126886;0.770852;0.075932;,
  -0.229949;0.785435;0.073728;,
  -0.179446;0.794787;0.072026;,
  -0.133506;0.801561;0.047182;,
  -0.264302;0.786153;0.026382;,
  -0.322846;0.727271;0.022143;,
  -0.322564;0.771144;0.020336;,
  -0.261237;0.724530;0.021619;,
  -0.363207;0.727135;0.018803;,
  -0.371536;0.760688;0.018161;,
  -0.261237;0.724530;0.021619;,
  -0.321299;0.736299;0.075443;,
  -0.322846;0.727271;0.022143;,
  -0.257790;0.735286;0.088487;,
  -0.369171;0.739898;0.066607;,
  -0.363207;0.727135;0.018803;,
  -0.320511;0.771527;0.073786;,
  -0.260527;0.786632;0.076796;,
  -0.372257;0.762597;0.062895;,
  -0.094810;0.809328;0.063000;,
  -0.098059;0.811761;0.037040;,
  -0.061840;0.804999;0.057268;,
  -0.064105;0.806630;0.037055;,
  -0.072005;0.690728;0.077067;,
  -0.032069;0.813039;0.039834;,
  -0.094965;0.797717;0.007118;,
  -0.063897;0.771842;-0.001197;,
  -0.095987;0.769061;-0.000180;,
  -0.065960;0.792509;0.013321;,
  -0.050083;0.733431;0.091534;,
  0.000000;0.776783;0.089498;,
  0.000000;0.718394;0.087719;,
  -0.073890;0.787346;0.083526;,
  -0.087716;0.746126;0.082318;,
  -0.085069;0.725956;0.025005;,
  -0.090897;0.733222;0.068968;,
  -0.094823;0.743814;0.008825;,
  -0.071241;0.746770;-0.005494;,
  -0.078891;0.684971;-0.001874;,
  -0.079501;0.692906;0.015620;,
  -0.080008;0.686346;0.056781;,
  -0.064105;0.806630;0.037055;,
  -0.031628;0.800550;0.023942;,
  0.000000;0.526314;0.105960;,
  0.000000;0.811367;0.070688;,
  -0.044640;0.618874;-0.033647;,
  -0.072067;0.619851;0.000753;,
  -0.069182;0.612087;0.041668;,
  0.000000;0.605162;0.078278;,
  -0.032069;0.813039;0.039834;,
  -0.064105;0.806630;0.037055;,
  -0.129996;0.790293;0.066258;,
  -0.084918;0.735454;0.083338;,
  -0.087716;0.746126;0.082318;,
  -0.090897;0.733222;0.068968;,
  -0.078806;0.717409;0.037984;,
  -0.085069;0.725956;0.025005;,
  -0.077193;0.716736;-0.002923;,
  -0.071241;0.746770;-0.005494;,
  -0.019490;0.671645;-0.045972;,
  -0.050058;0.667865;-0.045746;,
  -0.069761;0.668850;-0.023462;,
  -0.040989;0.747750;-0.021417;,
  -0.071241;0.746770;-0.005494;,
  -0.094823;0.743814;0.008825;,
  -0.007950;0.703062;-0.042357;,
  -0.007848;0.673324;-0.040024;,
  -0.078806;0.717409;0.037984;,
  -0.080567;0.512072;-0.017090;,
  -0.089677;0.527268;0.078045;,
  -0.106426;0.518482;0.019040;,
  -0.047225;0.529047;0.108439;,
  -0.045120;0.505713;-0.028012;,
  0.000000;0.526314;0.105960;,
  0.089677;0.527268;0.078045;,
  0.080567;0.512072;-0.017090;,
  0.106426;0.518482;0.019040;,
  0.047225;0.529047;0.108439;,
  0.045120;0.505713;-0.028012;,
  0.000000;0.498285;-0.033522;,
  0.000000;0.811367;0.070688;,
  0.000000;0.767708;0.030747;,
  -0.027420;0.812360;0.063409;,
  0.000000;0.767708;0.030747;,
  -0.032069;0.813039;0.039834;,
  -0.032069;0.813039;0.039834;,
  0.000000;0.767708;0.030747;,
  -0.031628;0.800550;0.023942;,
  0.000000;0.767708;0.030747;,
  0.000000;0.740693;-0.026246;,
  0.031628;0.800550;0.023942;,
  0.000000;0.767708;0.030747;,
  0.000000;0.811367;0.070688;,
  0.027420;0.812360;0.063409;,
  0.000000;0.767708;0.030747;,
  0.032069;0.813039;0.039834;,
  0.000000;0.767708;0.030747;,
  0.000000;0.767708;0.030747;,
  0.032069;0.813039;0.039834;,
  -0.369171;0.739898;0.066607;,
  -0.371536;0.760688;0.018161;,
  -0.363207;0.727135;0.018803;,
  -0.372257;0.762597;0.062895;,
  0.371536;0.760688;0.018161;,
  0.369171;0.739898;0.066607;,
  0.363207;0.727135;0.018803;,
  0.372257;0.762597;0.062895;;
  404;
  3;0,1,2;,
  3;3,4,5;,
  3;4,3,6;,
  3;7,8,9;,
  3;8,7,10;,
  3;11,12,13;,
  3;12,11,14;,
  3;15,11,16;,
  3;11,15,14;,
  3;17,18,19;,
  3;18,17,15;,
  3;5,20,21;,
  3;20,5,4;,
  3;13,22,23;,
  3;22,13,12;,
  3;24,25,26;,
  3;25,24,27;,
  3;13,28,11;,
  3;28,13,29;,
  3;11,30,16;,
  3;30,11,28;,
  3;31,32,24;,
  3;33,34,35;,
  3;36,37,38;,
  3;37,36,34;,
  3;37,39,38;,
  3;39,37,40;,
  3;41,42,43;,
  3;44,45,42;,
  3;45,44,46;,
  3;47,48,49;,
  3;48,47,50;,
  3;48,51,49;,
  3;51,48,52;,
  3;53,47,54;,
  3;47,53,55;,
  3;49,56,57;,
  3;56,49,51;,
  3;58,57,44;,
  3;57,46,44;,
  3;46,57,56;,
  3;59,60,61;,
  3;60,59,62;,
  3;62,63,60;,
  3;63,62,64;,
  3;65,66,67;,
  3;66,65,68;,
  3;68,69,66;,
  3;69,68,70;,
  3;67,71,72;,
  3;71,67,66;,
  3;66,73,71;,
  3;73,66,69;,
  3;72,62,59;,
  3;62,72,71;,
  3;71,64,62;,
  3;64,71,73;,
  3;56,59,46;,
  3;59,56,72;,
  3;46,61,45;,
  3;61,46,59;,
  3;51,65,67;,
  3;65,51,52;,
  3;67,56,51;,
  3;56,67,72;,
  3;74,58,75;,
  3;75,76,74;,
  3;76,75,77;,
  3;32,27,24;,
  3;27,32,78;,
  3;9,79,7;,
  3;80,81,82;,
  3;81,80,83;,
  3;41,83,80;,
  3;8,10,84;,
  3;84,85,86;,
  3;85,84,10;,
  3;74,76,87;,
  3;53,87,88;,
  3;55,89,90;,
  3;89,55,91;,
  3;92,90,89;,
  3;93,94,36;,
  3;35,95,33;,
  3;15,16,18;,
  3;16,30,18;,
  3;79,9,96;,
  3;1,97,98;,
  3;19,99,17;,
  3;99,19,100;,
  3;23,29,13;,
  3;29,23,101;,
  3;102,85,10;,
  3;103,17,99;,
  3;17,103,104;,
  3;104,15,17;,
  3;15,104,105;,
  3;105,14,15;,
  3;14,105,106;,
  3;14,31,12;,
  3;31,14,106;,
  3;12,107,22;,
  3;107,12,31;,
  3;108,109,98;,
  3;98,109,2;,
  3;82,75,80;,
  3;75,82,77;,
  3;75,41,80;,
  3;41,75,58;,
  3;58,44,41;,
  3;57,58,110;,
  3;106,33,32;,
  3;111,112,113;,
  3;95,32,33;,
  3;32,95,78;,
  3;32,31,106;,
  3;102,10,7;,
  3;84,78,111;,
  3;78,84,27;,
  3;78,112,111;,
  3;112,78,95;,
  3;112,35,114;,
  3;35,112,95;,
  3;114,94,115;,
  3;94,114,35;,
  3;116,115,94;,
  3;115,116,117;,
  3;118,4,119;,
  3;4,118,20;,
  3;119,6,120;,
  3;6,119,4;,
  3;121,0,117;,
  3;0,121,1;,
  3;122,83,123;,
  3;83,122,81;,
  3;83,41,123;,
  3;53,91,55;,
  3;91,53,88;,
  3;97,1,121;,
  3;38,120,36;,
  3;120,38,119;,
  3;93,6,116;,
  3;116,3,117;,
  3;117,5,121;,
  3;5,117,3;,
  3;121,21,97;,
  3;124,21,20;,
  3;125,20,118;,
  3;20,125,124;,
  3;38,118,119;,
  3;6,93,120;,
  3;94,93,116;,
  3;120,93,36;,
  3;26,31,24;,
  3;31,26,107;,
  3;86,27,84;,
  3;27,86,25;,
  3;87,53,74;,
  3;42,41,44;,
  3;74,53,110;,
  3;58,74,110;,
  3;118,38,39;,
  3;124,126,127;,
  3;126,124,125;,
  3;21,124,127;,
  3;118,39,125;,
  3;21,127,97;,
  3;21,121,5;,
  3;3,116,6;,
  3;89,91,128;,
  3;41,43,123;,
  3;50,55,90;,
  3;55,50,47;,
  3;49,54,47;,
  3;53,54,110;,
  3;54,57,110;,
  3;57,54,49;,
  3;113,84,111;,
  3;84,113,8;,
  3;2,1,98;,
  3;40,37,104;,
  3;104,34,105;,
  3;34,104,37;,
  3;33,105,34;,
  3;105,33,106;,
  3;103,40,104;,
  3;40,103,126;,
  3;125,40,126;,
  3;40,125,39;,
  3;94,34,36;,
  3;34,94,35;,
  3;129,130,131;,
  3;132,133,134;,
  3;133,132,135;,
  3;136,137,138;,
  3;137,136,139;,
  3;140,141,142;,
  3;141,140,143;,
  3;144,140,142;,
  3;140,144,145;,
  3;146,147,144;,
  3;147,146,148;,
  3;135,149,133;,
  3;149,135,150;,
  3;143,151,141;,
  3;151,143,152;,
  3;153,154,155;,
  3;154,153,156;,
  3;143,157,158;,
  3;157,143,140;,
  3;140,159,157;,
  3;159,140,145;,
  3;160,153,161;,
  3;162,163,164;,
  3;165,166,164;,
  3;166,165,167;,
  3;166,168,169;,
  3;168,166,167;,
  3;170,171,172;,
  3;173,174,175;,
  3;174,173,172;,
  3;176,177,178;,
  3;177,176,179;,
  3;177,180,181;,
  3;180,177,179;,
  3;182,176,183;,
  3;176,182,184;,
  3;179,185,180;,
  3;185,179,186;,
  3;187,173,186;,
  3;186,175,185;,
  3;175,186,173;,
  3;188,189,190;,
  3;189,188,191;,
  3;190,192,193;,
  3;192,190,189;,
  3;194,195,196;,
  3;195,194,197;,
  3;196,198,199;,
  3;198,196,195;,
  3;197,200,195;,
  3;200,197,201;,
  3;195,202,198;,
  3;202,195,200;,
  3;201,190,200;,
  3;190,201,188;,
  3;200,193,202;,
  3;193,200,190;,
  3;185,188,201;,
  3;188,185,175;,
  3;175,191,188;,
  3;191,175,174;,
  3;180,194,181;,
  3;194,180,197;,
  3;197,185,201;,
  3;185,197,180;,
  3;203,204,187;,
  3;204,205,206;,
  3;205,204,203;,
  3;161,155,207;,
  3;155,161,153;,
  3;139,136,208;,
  3;209,210,211;,
  3;210,209,212;,
  3;170,209,211;,
  3;137,213,138;,
  3;213,214,138;,
  3;214,213,215;,
  3;203,216,205;,
  3;182,217,216;,
  3;183,218,219;,
  3;218,183,220;,
  3;221,218,220;,
  3;222,165,223;,
  3;163,162,224;,
  3;144,147,145;,
  3;145,147,159;,
  3;208,225,139;,
  3;131,226,97;,
  3;148,99,100;,
  3;99,148,146;,
  3;152,158,227;,
  3;158,152,143;,
  3;228,138,214;,
  3;103,146,229;,
  3;146,103,99;,
  3;229,144,230;,
  3;144,229,146;,
  3;230,142,231;,
  3;142,230,144;,
  3;142,160,231;,
  3;160,142,141;,
  3;141,232,160;,
  3;232,141,151;,
  3;233,226,234;,
  3;226,130,234;,
  3;212,204,206;,
  3;204,212,209;,
  3;170,204,209;,
  3;204,170,187;,
  3;187,170,173;,
  3;186,235,187;,
  3;231,161,162;,
  3;236,237,238;,
  3;224,161,207;,
  3;161,224,162;,
  3;161,231,160;,
  3;228,136,138;,
  3;213,207,155;,
  3;207,213,236;,
  3;207,238,224;,
  3;238,207,236;,
  3;238,163,224;,
  3;163,238,239;,
  3;239,223,163;,
  3;223,239,240;,
  3;241,240,242;,
  3;240,241,223;,
  3;243,133,149;,
  3;133,243,244;,
  3;244,134,133;,
  3;134,244,245;,
  3;246,129,131;,
  3;129,246,242;,
  3;247,211,210;,
  3;211,247,248;,
  3;211,248,170;,
  3;182,219,217;,
  3;219,182,183;,
  3;97,246,131;,
  3;167,245,244;,
  3;245,167,165;,
  3;222,241,134;,
  3;241,242,132;,
  3;242,135,132;,
  3;135,242,246;,
  3;246,97,150;,
  3;249,149,150;,
  3;250,149,249;,
  3;149,250,243;,
  3;167,244,243;,
  3;134,245,222;,
  3;223,241,222;,
  3;245,165,222;,
  3;156,160,232;,
  3;160,156,153;,
  3;215,155,154;,
  3;155,215,213;,
  3;216,203,182;,
  3;172,173,170;,
  3;203,235,182;,
  3;187,235,203;,
  3;243,168,167;,
  3;249,126,250;,
  3;126,249,127;,
  3;150,127,249;,
  3;243,250,168;,
  3;150,97,127;,
  3;150,135,246;,
  3;132,134,241;,
  3;218,251,219;,
  3;170,248,171;,
  3;178,183,176;,
  3;183,178,220;,
  3;179,176,184;,
  3;182,235,184;,
  3;184,186,179;,
  3;186,184,235;,
  3;237,213,137;,
  3;213,237,236;,
  3;130,226,131;,
  3;169,229,166;,
  3;229,164,166;,
  3;164,229,230;,
  3;162,230,231;,
  3;230,162,164;,
  3;103,229,169;,
  3;169,126,103;,
  3;250,169,168;,
  3;169,250,126;,
  3;223,164,163;,
  3;164,223,165;,
  3;252,253,254;,
  3;252,255,253;,
  3;256,255,252;,
  3;256,257,255;,
  3;258,259,260;,
  3;261,259,258;,
  3;261,262,259;,
  3;257,262,261;,
  3;257,263,262;,
  3;256,263,257;,
  3;264,265,266;,
  3;266,267,268;,
  3;269,270,271;,
  3;271,272,273;,
  3;274,273,275;,
  3;276,277,278;,
  3;279,280,277;,
  3;274,281,282;,
  3;283,284,285;,
  3;284,283,286;,
  3;287,288,289;,
  3;288,287,290;;

  MeshNormals {
   291;
   0.053138;0.442940;-0.894975;,
   -0.036118;0.643094;-0.764935;,
   -0.129837;0.737371;-0.662893;,
   0.700017;0.349690;-0.622650;,
   0.297894;0.241064;-0.923660;,
   0.201478;0.536306;-0.819624;,
   0.826057;0.083645;-0.557345;,
   0.185064;0.829226;0.527385;,
   0.221504;0.433714;0.873401;,
   0.066413;0.952671;0.296662;,
   0.062805;0.331545;0.941347;,
   0.839113;0.376777;0.392338;,
   0.334824;0.474556;0.814058;,
   0.325245;0.421890;0.846301;,
   0.828841;0.413125;0.377293;,
   0.906882;0.257206;-0.333781;,
   0.923976;0.222329;-0.311188;,
   0.448671;0.029440;-0.893212;,
   0.604116;0.006847;-0.796867;,
   0.202709;-0.090742;-0.975026;,
   -0.232692;0.227157;-0.945650;,
   -0.062539;0.465244;-0.882970;,
   0.000000;0.340582;0.940215;,
   -0.000000;0.340936;0.940086;,
   0.295228;-0.094443;0.950748;,
   -0.000000;-0.197102;0.980383;,
   0.000000;-0.017078;0.999854;,
   0.121114;-0.292583;0.948539;,
   0.785099;0.320434;0.530039;,
   0.242725;0.350435;0.904588;,
   0.959852;0.214872;-0.180316;,
   0.396768;0.270387;0.877192;,
   0.763919;-0.215518;0.608259;,
   0.982848;-0.167349;0.077489;,
   0.910059;-0.059832;-0.410137;,
   0.988930;-0.132061;-0.067653;,
   0.913032;-0.276862;-0.299534;,
   0.370337;0.185637;-0.910159;,
   0.503173;-0.546695;-0.669285;,
   -0.117641;-0.525592;-0.842564;,
   0.042920;-0.156851;-0.986689;,
   0.182877;0.488076;-0.853427;,
   0.029224;-0.757289;-0.652426;,
   0.035360;-0.756034;-0.653577;,
   0.194238;0.686580;-0.700628;,
   -0.111525;-0.694984;-0.710323;,
   0.061376;0.779612;-0.623248;,
   -0.064973;-0.728756;0.681684;,
   0.029224;-0.757289;-0.652426;,
   -0.060519;-0.588340;0.806346;,
   0.035360;-0.756034;-0.653577;,
   -0.138119;-0.525863;0.839280;,
   -0.111525;-0.694984;-0.710323;,
   0.247977;-0.085782;0.964961;,
   -0.144688;0.229764;0.962431;,
   0.377310;-0.852652;0.361416;,
   0.017148;0.767770;0.640496;,
   0.061399;0.773227;0.631150;,
   0.174196;0.980287;0.093236;,
   -0.001504;0.742797;-0.669515;,
   -0.011492;-0.782090;-0.623059;,
   -0.128036;-0.738845;-0.661601;,
   0.093518;0.673022;-0.733686;,
   -0.039822;-0.752572;-0.657305;,
   0.097943;0.686798;-0.720219;,
   -0.128036;-0.738845;-0.661601;,
   0.181368;-0.626451;0.758067;,
   -0.047912;-0.568383;0.821368;,
   -0.011492;-0.782090;-0.623059;,
   0.166349;-0.527597;0.833049;,
   -0.039822;-0.752572;-0.657305;,
   0.267541;0.688438;0.674148;,
   0.062310;0.786846;0.613995;,
   0.234991;0.771474;0.591276;,
   0.105174;0.831352;0.545704;,
   0.063740;0.981678;-0.179571;,
   0.066413;0.952671;0.296662;,
   -0.009291;0.966836;-0.255229;,
   0.545072;-0.343722;0.764691;,
   0.178721;0.955004;-0.236699;,
   -0.003696;0.679331;-0.733822;,
   0.053138;0.442940;-0.894975;,
   -0.129837;0.737371;-0.662893;,
   0.238689;-0.024349;-0.970791;,
   0.099101;-0.091757;0.990838;,
   0.000000;0.238166;0.971225;,
   0.000000;-0.154593;0.987978;,
   0.221504;0.433714;0.873401;,
   0.513630;-0.119201;0.849691;,
   0.889802;-0.432351;-0.146033;,
   0.384815;-0.643220;-0.661956;,
   0.827241;-0.461504;0.320447;,
   0.551573;0.090549;-0.829197;,
   0.979312;-0.193329;-0.059759;,
   0.992593;-0.110358;-0.050807;,
   0.936020;-0.280508;0.212562;,
   -0.009291;0.966836;-0.255229;,
   -0.000000;0.486615;-0.873617;,
   0.011225;0.749782;-0.661589;,
   -0.000000;-0.052324;-0.998630;,
   0.000000;-0.079192;-0.996859;,
   0.000000;0.347190;0.937795;,
   -0.000000;0.583018;0.812460;,
   0.000000;0.001082;-0.999999;,
   0.450383;0.030111;-0.892328;,
   0.941353;0.141712;-0.306221;,
   0.902525;0.173725;0.394041;,
   -0.000000;0.240007;0.970771;,
   0.178721;0.955004;-0.236699;,
   -0.009291;0.966836;-0.255229;,
   -0.003226;0.616187;0.787594;,
   0.606473;-0.169220;0.776888;,
   0.827241;-0.461504;0.320447;,
   0.513630;-0.119201;0.849691;,
   0.968860;-0.237240;-0.070911;,
   0.889802;-0.432351;-0.146033;,
   0.950629;0.108508;-0.290742;,
   0.551573;0.090549;-0.829197;,
   -0.244972;-0.380655;-0.891679;,
   0.331023;-0.454986;-0.826687;,
   0.769426;-0.526118;-0.362191;,
   0.149408;0.545884;-0.824432;,
   0.551573;0.090549;-0.829197;,
   0.384815;-0.643220;-0.661956;,
   -0.277637;0.216785;-0.935907;,
   -0.312398;-0.311001;-0.897600;,
   -0.000000;-0.108416;-0.994106;,
   0.000000;0.188424;-0.982088;,
   0.968860;-0.237240;-0.070911;,
   -0.053138;0.442940;-0.894975;,
   0.129837;0.737371;-0.662893;,
   0.036118;0.643094;-0.764935;,
   -0.700017;0.349690;-0.622650;,
   -0.297894;0.241064;-0.923660;,
   -0.826057;0.083645;-0.557345;,
   -0.201478;0.536306;-0.819624;,
   -0.185064;0.829226;0.527385;,
   -0.221504;0.433713;0.873401;,
   -0.062805;0.331545;0.941347;,
   -0.066413;0.952671;0.296662;,
   -0.839113;0.376777;0.392338;,
   -0.334824;0.474556;0.814058;,
   -0.828841;0.413125;0.377293;,
   -0.325245;0.421890;0.846301;,
   -0.906882;0.257206;-0.333781;,
   -0.923976;0.222329;-0.311188;,
   -0.448671;0.029440;-0.893212;,
   -0.604116;0.006847;-0.796867;,
   -0.202709;-0.090742;-0.975026;,
   0.232693;0.227157;-0.945650;,
   0.062539;0.465244;-0.882970;,
   0.000000;0.340582;0.940215;,
   -0.000000;0.340936;0.940086;,
   -0.295228;-0.094443;0.950748;,
   -0.000000;-0.197102;0.980383;,
   -0.121114;-0.292583;0.948539;,
   0.000000;-0.017078;0.999854;,
   -0.785099;0.320434;0.530039;,
   -0.242725;0.350435;0.904588;,
   -0.959852;0.214872;-0.180316;,
   -0.396768;0.270387;0.877192;,
   -0.763919;-0.215518;0.608259;,
   -0.982848;-0.167349;0.077489;,
   -0.988930;-0.132061;-0.067653;,
   -0.910059;-0.059832;-0.410137;,
   -0.913032;-0.276862;-0.299534;,
   -0.370337;0.185637;-0.910159;,
   -0.503173;-0.546695;-0.669285;,
   0.117641;-0.525592;-0.842564;,
   -0.042920;-0.156851;-0.986689;,
   -0.182877;0.488076;-0.853427;,
   -0.035360;-0.756034;-0.653577;,
   -0.029224;-0.757289;-0.652426;,
   -0.194238;0.686580;-0.700628;,
   0.111525;-0.694984;-0.710323;,
   -0.061376;0.779612;-0.623248;,
   0.064973;-0.728756;0.681684;,
   -0.029224;-0.757289;-0.652426;,
   -0.035360;-0.756034;-0.653577;,
   0.060519;-0.588340;0.806346;,
   0.138119;-0.525863;0.839280;,
   0.111525;-0.694984;-0.710323;,
   -0.247977;-0.085782;0.964961;,
   -0.377310;-0.852652;0.361416;,
   0.144688;0.229764;0.962431;,
   -0.017148;0.767770;0.640496;,
   -0.061399;0.773227;0.631150;,
   -0.174196;0.980287;0.093236;,
   0.001504;0.742797;-0.669515;,
   0.011492;-0.782090;-0.623059;,
   -0.093518;0.673022;-0.733686;,
   0.128036;-0.738845;-0.661601;,
   0.039822;-0.752572;-0.657305;,
   -0.097943;0.686798;-0.720219;,
   0.128036;-0.738845;-0.661601;,
   -0.181368;-0.626451;0.758067;,
   0.011492;-0.782090;-0.623059;,
   0.047912;-0.568383;0.821368;,
   -0.166349;-0.527597;0.833048;,
   0.039822;-0.752572;-0.657305;,
   -0.267541;0.688438;0.674148;,
   -0.062310;0.786846;0.613995;,
   -0.234991;0.771474;0.591276;,
   -0.105175;0.831352;0.545704;,
   -0.063740;0.981678;-0.179571;,
   -0.066413;0.952671;0.296662;,
   0.009291;0.966836;-0.255229;,
   -0.545072;-0.343722;0.764691;,
   -0.178721;0.955004;-0.236699;,
   0.003696;0.679331;-0.733822;,
   -0.053138;0.442940;-0.894975;,
   -0.238689;-0.024349;-0.970791;,
   0.129837;0.737371;-0.662893;,
   -0.099101;-0.091757;0.990838;,
   0.000000;0.238166;0.971225;,
   0.000000;-0.154593;0.987978;,
   -0.221504;0.433713;0.873401;,
   -0.513630;-0.119201;0.849691;,
   -0.889802;-0.432351;-0.146033;,
   -0.827241;-0.461504;0.320447;,
   -0.384815;-0.643220;-0.661956;,
   -0.551573;0.090549;-0.829197;,
   -0.979312;-0.193329;-0.059759;,
   -0.992593;-0.110358;-0.050807;,
   -0.936020;-0.280508;0.212562;,
   0.009291;0.966836;-0.255229;,
   -0.011225;0.749782;-0.661589;,
   0.000000;0.347190;0.937795;,
   -0.000000;0.583018;0.812460;,
   -0.450383;0.030111;-0.892328;,
   -0.941353;0.141712;-0.306221;,
   -0.902525;0.173725;0.394041;,
   -0.000000;0.240007;0.970771;,
   -0.178721;0.955004;-0.236699;,
   0.009291;0.966836;-0.255229;,
   0.003226;0.616187;0.787594;,
   -0.606473;-0.169220;0.776888;,
   -0.513630;-0.119201;0.849691;,
   -0.827241;-0.461504;0.320447;,
   -0.968860;-0.237240;-0.070911;,
   -0.889802;-0.432351;-0.146033;,
   -0.950629;0.108508;-0.290742;,
   -0.551573;0.090549;-0.829197;,
   0.244972;-0.380655;-0.891679;,
   -0.331023;-0.454986;-0.826687;,
   -0.769426;-0.526118;-0.362191;,
   -0.149408;0.545884;-0.824432;,
   -0.551573;0.090549;-0.829197;,
   -0.384815;-0.643220;-0.661956;,
   0.277637;0.216785;-0.935907;,
   0.312398;-0.311001;-0.897600;,
   -0.968860;-0.237240;-0.070911;,
   -0.096502;-0.982166;0.161360;,
   -0.061099;-0.986532;0.151728;,
   -0.028150;-0.987507;0.155039;,
   -0.061993;-0.984712;0.162788;,
   -0.121359;-0.976201;0.179734;,
   -0.000000;-0.984816;0.173601;,
   0.061099;-0.986532;0.151728;,
   0.096502;-0.982166;0.161360;,
   0.028150;-0.987507;0.155039;,
   0.061993;-0.984712;0.162788;,
   0.121359;-0.976201;0.179734;,
   -0.000000;-0.980401;0.197010;,
   -0.000000;0.674982;-0.737835;,
   0.000000;0.865712;-0.500542;,
   0.540682;0.687068;-0.485388;,
   0.000000;0.865712;-0.500542;,
   0.767011;0.592149;-0.247091;,
   0.767011;0.592149;-0.247091;,
   0.000000;0.865712;-0.500542;,
   0.701495;0.593933;-0.393888;,
   0.000000;0.865712;-0.500542;,
   -0.000000;0.903630;-0.428313;,
   -0.701495;0.593933;-0.393888;,
   0.000000;0.865712;-0.500542;,
   -0.000000;0.674982;-0.737835;,
   -0.540682;0.687068;-0.485388;,
   0.000000;0.865712;-0.500542;,
   -0.767011;0.592149;-0.247091;,
   0.000000;0.865712;-0.500542;,
   0.000000;0.865712;-0.500542;,
   -0.767011;0.592149;-0.247091;,
   -0.983356;-0.179365;-0.028961;,
   -0.976274;-0.212149;-0.043375;,
   -0.968742;-0.241579;-0.056372;,
   -0.990609;-0.136351;-0.010148;,
   0.976274;-0.212149;-0.043375;,
   0.983356;-0.179365;-0.028961;,
   0.968742;-0.241579;-0.056372;,
   0.990609;-0.136351;-0.010148;;
   404;
   3;0,1,2;,
   3;3,4,5;,
   3;4,3,6;,
   3;7,8,9;,
   3;8,7,10;,
   3;11,12,13;,
   3;12,11,14;,
   3;15,11,16;,
   3;11,15,14;,
   3;17,18,19;,
   3;18,17,15;,
   3;5,20,21;,
   3;20,5,4;,
   3;13,22,23;,
   3;22,13,12;,
   3;24,25,26;,
   3;25,24,27;,
   3;13,28,11;,
   3;28,13,29;,
