xof 0303txt 0032
template ColorRGBA {
 <35ff44e0-6c7c-11cf-8f52-0040333594a3>
 FLOAT red;
 FLOAT green;
 FLOAT blue;
 FLOAT alpha;
}

template ColorRGB {
 <d3e16e81-7835-11cf-8f52-0040333594a3>
 FLOAT red;
 FLOAT green;
 FLOAT blue;
}

template Material {
 <3d82ab4d-62da-11cf-ab39-0020af71e433>
 ColorRGBA faceColor;
 FLOAT power;
 ColorRGB specularColor;
 ColorRGB emissiveColor;
 [...]
}

template TextureFilename {
 <a42790e1-7810-11cf-8f52-0040333594a3>
 STRING filename;
}

template Frame {
 <3d82ab46-62da-11cf-ab39-0020af71e433>
 [...]
}

template Matrix4x4 {
 <f6f23f45-7686-11cf-8f52-0040333594a3>
 array FLOAT matrix[16];
}

template FrameTransformMatrix {
 <f6f23f41-7686-11cf-8f52-0040333594a3>
 Matrix4x4 frameMatrix;
}

template Vector {
 <3d82ab5e-62da-11cf-ab39-0020af71e433>
 FLOAT x;
 FLOAT y;
 FLOAT z;
}

template MeshFace {
 <3d82ab5f-62da-11cf-ab39-0020af71e433>
 DWORD nFaceVertexIndices;
 array DWORD faceVertexIndices[nFaceVertexIndices];
}

template Mesh {
 <3d82ab44-62da-11cf-ab39-0020af71e433>
 DWORD nVertices;
 array Vector vertices[nVertices];
 DWORD nFaces;
 array MeshFace faces[nFaces];
 [...]
}

template MeshNormals {
 <f6f23f43-7686-11cf-8f52-0040333594a3>
 DWORD nNormals;
 array Vector normals[nNormals];
 DWORD nFaceNormals;
 array MeshFace faceNormals[nFaceNormals];
}

template MeshMaterialList {
 <f6f23f42-7686-11cf-8f52-0040333594a3>
 DWORD nMaterials;
 DWORD nFaceIndexes;
 array DWORD faceIndexes[nFaceIndexes];
 [Material <3d82ab4d-62da-11cf-ab39-0020af71e433>]
}

template Coords2d {
 <f6f23f44-7686-11cf-8f52-0040333594a3>
 FLOAT u;
 FLOAT v;
}

template MeshTextureCoords {
 <f6f23f40-7686-11cf-8f52-0040333594a3>
 DWORD nTextureCoords;
 array Coords2d textureCoords[nTextureCoords];
}

template XSkinMeshHeader {
 <3cf169ce-ff7c-44ab-93c0-f78f62d172e2>
 WORD nMaxSkinWeightsPerVertex;
 WORD nMaxSkinWeightsPerFace;
 WORD nBones;
}

template SkinWeights {
 <6f0d123b-bad2-4167-a0d0-80224f25fabb>
 STRING transformNodeName;
 DWORD nWeights;
 array DWORD vertexIndices[nWeights];
 array FLOAT weights[nWeights];
 Matrix4x4 matrixOffset;
}

template AnimTicksPerSecond {
 <9e415a43-7ba6-4a73-8743-b73d47e88476>
 DWORD AnimTicksPerSecond;
}

template Animation {
 <3d82ab4f-62da-11cf-ab39-0020af71e433>
 [...]
}

template AnimationSet {
 <3d82ab50-62da-11cf-ab39-0020af71e433>
 [Animation <3d82ab4f-62da-11cf-ab39-0020af71e433>]
}

template FloatKeys {
 <10dd46a9-775b-11cf-8f52-0040333594a3>
 DWORD nValues;
 array FLOAT values[nValues];
}

template TimedFloatKeys {
 <f406b180-7b3b-11cf-8f52-0040333594a3>
 DWORD time;
 FloatKeys tfkeys;
}

template AnimationKey {
 <10dd46a8-775b-11cf-8f52-0040333594a3>
 DWORD keyType;
 DWORD nKeys;
 array TimedFloatKeys keys[nKeys];
}


Material _17_-_Default {
 1.000000;1.000000;1.000000;1.000000;;
 9.999999;
 0.000000;0.000000;0.000000;;
 0.000000;0.000000;0.000000;;

 TextureFilename {
  "Jacket_VarsityAlpha.png";
 }
}

Frame Dummy01 {
 

 FrameTransformMatrix {
  1.000000,0.000000,0.000000,0.000000,0.000000,-0.000000,-1.000000,0.000000,0.000000,1.000000,-0.000000,0.000000,0.000000,0.000000,0.000000,1.000000;;
 }

 Frame Bip01 {
  

  FrameTransformMatrix {
   -0.087155,0.982405,-0.165183,0.000000,-0.000001,0.165814,0.986157,0.000000,0.996195,0.085949,-0.014450,0.000000,-0.010000,-0.012284,0.490453,1.000000;;
  }

  Frame Bip01_Pelvis {
   

   FrameTransformMatrix {
    0.000000,1.000000,-0.000001,0.000000,-0.000001,0.000001,1.000000,0.000000,1.000000,0.000000,0.000001,0.000000,0.000000,0.000000,0.000000,1.000000;;
   }

   Frame Bip01_Spine {
    

    FrameTransformMatrix {
     0.984686,0.000002,-0.174337,0.000000,-0.000001,1.000000,0.000004,0.000000,0.174337,-0.000004,0.984686,0.000000,0.051619,0.000000,-0.000083,1.000000;;
    }

    Frame Bip01_Spine1 {
     

     FrameTransformMatrix {
      0.997819,0.052687,0.039774,0.000000,-0.044862,0.983198,-0.176942,0.000000,-0.048428,0.174771,0.983417,0.000000,0.106484,-0.000015,-0.000083,1.000000;;
     }

     Frame Bip01_Neck {
      

      FrameTransformMatrix {
       0.966067,-0.020835,0.257451,0.000000,0.025191,0.999590,-0.013632,0.000000,-0.257061,0.019655,0.966195,0.000000,0.130511,-0.000001,0.004626,1.000000;;
      }

      Frame Bip01_Head {
       

       FrameTransformMatrix {
        0.989321,-0.051753,-0.136255,0.000000,0.064251,0.993958,0.088989,0.000000,0.130826,-0.096793,0.986669,0.000000,0.033674,-0.000000,-0.000000,1.000000;;
       }

       Frame Bip01_HeadNub {
        

        FrameTransformMatrix {
         1.000000,-0.000000,-0.000000,0.000000,-0.000000,1.000000,0.000000,0.000000,0.000000,-0.000000,1.000000,0.000000,0.169824,0.000000,0.000000,1.000000;;
        }
       }
      }

      Frame Bip01_L_Clavicle {
       

       FrameTransformMatrix {
        -0.205975,0.976135,0.068811,0.000000,0.943873,0.216738,-0.249254,0.000000,-0.258220,0.013609,-0.965990,0.000000,-0.024734,0.015166,0.002017,1.000000;;
       }

       Frame Bip01_L_UpperArm {
        

        FrameTransformMatrix {
         0.385871,-0.777669,0.496320,0.000000,0.922466,0.332598,-0.196046,0.000000,-0.012616,0.533487,0.845714,0.000000,0.087086,-0.000000,-0.000000,1.000000;;
        }

        Frame Bip01_L_Forearm {
         

         FrameTransformMatrix {
          0.943939,0.000000,-0.330119,0.000000,0.000000,1.000000,-0.000000,0.000000,0.330119,-0.000000,0.943939,0.000000,0.137062,0.000000,0.000000,1.000000;;
         }

         Frame Bip01_L_Hand {
          

          FrameTransformMatrix {
           1.000000,-0.000000,0.000000,0.000000,0.000000,0.000796,1.000000,0.000000,0.000000,-1.000000,0.000796,0.000000,0.137062,0.000000,0.000000,1.000000;;
          }

          Frame Bip01_L_Finger0 {
           

           FrameTransformMatrix {
            0.690342,-0.181727,0.700288,0.000000,0.558537,0.749101,-0.356210,0.000000,-0.459853,0.637043,0.618637,0.000000,0.057681,-0.023605,-0.000272,1.000000;;
           }

           Frame Bip01_L_Finger0Nub {
            

            FrameTransformMatrix {
             1.000000,0.000000,0.000000,0.000000,0.000000,1.000000,0.000000,0.000000,-0.000000,0.000000,1.000000,0.000000,0.029435,-0.000000,-0.000000,1.000000;;
            }
           }
          }

          Frame Bip01_L_Finger1 {
           

           FrameTransformMatrix {
            0.728079,-0.000546,0.685493,0.000000,0.000000,1.000000,0.000796,0.000000,-0.685493,-0.000580,0.728079,0.000000,0.084102,0.000000,0.000000,1.000000;;
           }

           Frame Bip01_L_Finger1Nub {
            

            FrameTransformMatrix {
             1.000000,0.000000,0.000000,0.000000,-0.000000,1.000000,-0.000000,0.000000,-0.000000,0.000000,1.000000,0.000000,0.047988,0.000000,-0.000000,1.000000;;
            }
           }
          }
         }
        }
       }
      }

      Frame Bip01_R_Clavicle {
       

       FrameTransformMatrix {
        -0.028509,-0.999573,-0.006461,0.000000,-0.965665,0.025871,0.258498,0.000000,-0.258220,0.013609,-0.965990,0.000000,-0.024080,-0.016250,0.001399,1.000000;;
       }

       Frame Bip01_R_UpperArm {
        

        FrameTransformMatrix {
         0.221390,0.975047,0.016433,0.000000,-0.974986,0.221654,-0.016512,0.000000,-0.019742,-0.012366,0.999729,0.000000,0.087086,0.000000,0.000000,1.000000;;
        }

        Frame Bip01_R_Forearm {
         

         FrameTransformMatrix {
          0.915660,-0.000000,-0.401954,0.000000,-0.000000,1.000000,-0.000000,0.000000,0.401954,-0.000000,0.915660,0.000000,0.137062,0.000000,0.000000,1.000000;;
         }

         Frame Bip01_R_Hand {
          

          FrameTransformMatrix {
           0.975195,-0.000000,-0.221346,0.000000,-0.221346,0.000796,-0.975195,0.000000,0.000176,1.000000,0.000777,0.000000,0.137062,-0.000000,0.000000,1.000000;;
          }

          Frame Bip01_R_Finger0 {
           

           FrameTransformMatrix {
            0.417774,-0.116941,0.900994,0.000000,-0.558537,0.749101,0.356210,0.000000,-0.716591,-0.652054,0.247639,0.000000,0.057681,0.023605,-0.000272,1.000000;;
           }

           Frame Bip01_R_Finger0Nub {
            

            FrameTransformMatrix {
             -1.000000,-0.000000,0.000000,0.000000,-0.000000,1.000000,0.000000,0.000000,-0.000000,0.000000,-1.000000,0.000000,0.029435,-0.000000,0.000000,1.000000;;
            }
           }
          }

          Frame Bip01_R_Finger1 {
           

           FrameTransformMatrix {
            0.352436,0.000745,0.935835,0.000000,0.000000,1.000000,-0.000796,0.000000,-0.935836,0.000281,0.352436,0.000000,0.084102,0.000000,0.000000,1.000000;;
           }

           Frame Bip01_R_Finger1Nub {
            

            FrameTransformMatrix {
             -1.000000,0.000000,0.000000,0.000000,0.000000,1.000000,-0.000000,0.000000,0.000000,-0.000000,-1.000000,0.000000,0.047988,0.000000,0.000000,1.000000;;
            }
           }
          }
         }
        }
       }
      }
     }

     Frame Bip01_BackPack {
      

      FrameTransformMatrix {
       0.180560,0.080500,-0.980264,0.000000,0.047560,0.994764,0.090451,0.000000,0.982413,-0.062954,0.175786,0.000000,0.063697,0.000003,-0.088856,1.000000;;
      }

      Frame Bip01_BackPackNub {
       

       FrameTransformMatrix {
        0.000796,0.000003,1.000000,0.000000,0.000000,-1.000000,0.000003,0.000000,1.000000,-0.000000,-0.000796,0.000000,0.053240,0.000000,0.000000,1.000000;;
       }
      }
     }
    }

    Frame Bip01_L_Thigh {
     

     FrameTransformMatrix {
      -0.888504,0.030427,0.457858,0.000000,-0.032107,-0.999476,0.004114,0.000000,0.457744,-0.011045,0.889016,0.000000,-0.050843,0.055225,-0.008917,1.000000;;
     }

     Frame Bip01_L_Calf {
      

      FrameTransformMatrix {
       0.942235,-0.000000,-0.334952,0.000000,-0.000000,1.000000,-0.000000,0.000000,0.334952,-0.000000,0.942235,0.000000,0.237500,0.000000,-0.000000,1.000000;;
      }

      Frame Bip01_L_Foot {
       

       FrameTransformMatrix {
        0.924325,-0.026487,0.380687,0.000000,-0.068962,0.969570,0.234901,0.000000,-0.375325,-0.243378,0.894371,0.000000,0.206841,0.000000,0.000000,1.000000;;
       }

       Frame Bip01_L_Toe0 {
        

        FrameTransformMatrix {
         0.000000,0.000000,1.000000,0.000000,0.000000,1.000000,-0.000000,0.000000,-1.000000,0.000000,0.000000,0.000000,0.065373,0.000000,0.066450,1.000000;;
        }

        Frame Bip01_L_Toe0Nub {
         

         FrameTransformMatrix {
          -1.000000,0.000000,0.000000,0.000000,0.000000,1.000000,0.000000,0.000000,0.000000,0.000000,-1.000000,0.000000,0.006735,-0.000000,-0.000000,1.000000;;
         }
        }
       }
      }
     }
    }

    Frame Bip01_R_Thigh {
     

     FrameTransformMatrix {
      -0.996965,0.030321,-0.071704,0.000000,-0.029454,-0.999480,-0.013113,0.000000,-0.072065,-0.010961,0.997340,0.000000,-0.050843,-0.055225,-0.008917,1.000000;;
     }

     Frame Bip01_R_Calf {
      

      FrameTransformMatrix {
       0.730239,0.000000,-0.683192,0.000000,0.000000,1.000000,0.000000,0.000000,0.683192,0.000000,0.730239,0.000000,0.237500,0.000000,0.000000,1.000000;;
      }

      Frame Bip01_R_Foot {
       

       FrameTransformMatrix {
        0.991957,0.087165,-0.091782,0.000000,-0.093276,0.993546,-0.064539,0.000000,0.085565,0.072581,0.993685,0.000000,0.206841,0.000000,0.000000,1.000000;;
       }

       Frame Bip01_R_Toe0 {
        

        FrameTransformMatrix {
         0.000000,0.000000,1.000000,0.000000,0.000000,1.000000,-0.000000,0.000000,-1.000000,0.000000,0.000000,0.000000,0.065373,0.000000,0.066450,1.000000;;
        }

        Frame Bip01_R_Toe0Nub {
         

         FrameTransformMatrix {
          1.000000,0.000000,0.000000,0.000000,0.000000,1.000000,-0.000000,0.000000,-0.000000,-0.000000,1.000000,0.000000,0.006735,-0.000000,-0.000000,1.000000;;
         }
        }
       }
      }
     }
    }
   }

   Frame Bip01_DressFront {
    

    FrameTransformMatrix {
     -0.880185,-0.088339,0.466338,0.000000,0.121847,0.907542,0.401896,0.000000,-0.458725,0.410564,-0.788041,0.000000,-0.043935,0.001339,0.061057,1.000000;;
    }

    Frame Bip01_DressFront02 {
     

     FrameTransformMatrix {
      0.912593,0.000001,0.408870,0.000000,-0.000001,1.000000,-0.000000,0.000000,-0.408870,-0.000000,0.912593,0.000000,0.183378,-0.000000,-0.000120,1.000000;;
     }

     Frame Bip01_DressFrontNub {
      

      FrameTransformMatrix {
       0.000796,0.000003,1.000000,0.000000,0.000000,-1.000000,0.000003,0.000000,1.000000,0.000000,-0.000796,0.000000,0.165302,0.000000,0.000000,1.000000;;
      }
     }
    }
   }

   Frame Bip01_DressBack {
    

    FrameTransformMatrix {
     -0.886023,0.038029,0.462080,0.000000,0.191625,0.937561,0.290274,0.000000,-0.422190,0.345735,-0.837988,0.000000,-0.047673,-0.000048,-0.078302,1.000000;;
    }

    Frame Bip01_DressBack02 {
     

     FrameTransformMatrix {
      0.936852,0.174932,-0.302833,0.000000,-0.166408,0.984581,0.053939,0.000000,0.307600,-0.000139,0.951516,0.000000,0.176125,0.000000,-0.000103,1.000000;;
     }

     Frame Bip01_DressBackNub {
      

      FrameTransformMatrix {
       0.000796,0.000003,1.000000,0.000000,0.000000,-1.000000,0.000003,0.000000,1.000000,0.000000,-0.000796,0.000000,0.136508,0.000000,0.000000,1.000000;;
      }
     }
    }
   }
  }

  Frame Bip01_Prop1 {
   

   FrameTransformMatrix {
    -0.233929,-0.108090,0.966227,0.000000,0.687222,0.684611,0.242967,0.000000,-0.687752,0.720849,-0.085868,0.000000,0.076452,-0.048658,-0.145664,1.000000;;
   }
  }

  Frame Bip01_Prop2 {
   

   FrameTransformMatrix {
    -0.163643,-0.967062,0.194966,0.000000,0.985576,-0.168906,-0.010564,0.000000,0.043147,0.190425,0.980753,0.000000,-0.138405,-0.102098,0.114818,1.000000;;
   }
  }
 }
}

Frame Translation_Data {
 

 FrameTransformMatrix {
  -0.000000,0.000000,-1.000000,0.000000,-1.000000,-0.000000,0.000000,0.000000,-0.000000,1.000000,0.000000,0.000000,0.000000,-0.000000,0.000000,1.000000;;
 }
}

Frame Bob_Jacket {
 

 FrameTransformMatrix {
  1.000000,0.000000,0.000000,0.000000,0.000000,1.000000,0.000000,0.000000,0.000000,0.000000,1.000000,0.000000,0.000000,0.000000,0.000000,1.000000;;
 }

 Mesh Bob_Jacket {
  252;
  0.066419;0.784617;0.005811;,
  0.034275;0.774573;0.001481;,
  0.031973;0.797020;0.023537;,
  0.079986;0.764104;-0.003474;,
  0.098031;0.731102;-0.008446;,
  0.057720;0.712932;-0.038561;,
  0.042433;0.747438;-0.023243;,
  0.099134;0.706344;-0.002931;,
  0.033020;0.810041;0.077424;,
  0.079249;0.780433;0.097695;,
  0.066263;0.799449;0.065502;,
  0.047456;0.781273;0.104891;,
  0.093036;0.558672;0.055462;,
  0.046614;0.563372;0.083627;,
  0.042126;0.553337;0.085324;,
  0.089790;0.567549;0.052497;,
  0.084695;0.567238;-0.012947;,
  0.096194;0.540966;0.005704;,
  0.048588;0.561624;-0.052029;,
  0.079152;0.511606;-0.034603;,
  0.045259;0.504656;-0.054470;,
  0.000000;0.713340;-0.047080;,
  0.000000;0.749714;-0.025745;,
  0.000000;0.560990;0.083909;,
  0.000000;0.548968;0.087094;,
  0.054576;0.645655;0.095309;,
  -0.000000;0.680476;0.109092;,
  0.000000;0.645904;0.100062;,
  0.059345;0.683118;0.104806;,
  0.104883;0.506170;0.080778;,
  0.046207;0.505103;0.109139;,
  0.104251;0.511595;0.012558;,
  0.053378;0.603292;0.083246;,
  0.089846;0.646910;0.073954;,
  0.103896;0.655969;0.052087;,
  0.083224;0.617461;-0.011877;,
  0.096842;0.670101;-0.006793;,
  0.092688;0.607118;0.048046;,
  0.056374;0.675892;-0.041022;,
  0.055554;0.618455;-0.046465;,
  0.000000;0.676253;-0.048537;,
  -0.000000;0.614735;-0.054408;,
  0.135377;0.787724;0.001075;,
  0.186149;0.790696;0.009309;,
  0.117821;0.725456;0.006454;,
  0.233584;0.718736;0.017602;,
  0.178367;0.718480;0.009307;,
  0.239510;0.779887;0.017739;,
  0.121887;0.722080;0.076478;,
  0.178367;0.718480;0.009307;,
  0.172926;0.719078;0.088018;,
  0.224694;0.719077;0.084306;,
  0.233584;0.718736;0.017602;,
  0.128129;0.736153;0.087546;,
  0.180289;0.791238;0.088036;,
  0.129848;0.788343;0.081296;,
  0.230827;0.779776;0.084481;,
  0.134315;0.799416;0.037307;,
  0.265117;0.781298;0.012012;,
  0.323904;0.714399;0.013583;,
  0.261908;0.710944;0.013184;,
  0.324096;0.763765;0.012162;,
  0.360594;0.706751;0.009683;,
  0.371907;0.756231;0.008819;,
  0.261908;0.710944;0.013184;,
  0.322226;0.725047;0.083101;,
  0.258374;0.711545;0.088180;,
  0.323904;0.714399;0.013583;,
  0.362814;0.717883;0.078446;,
  0.360594;0.706751;0.009683;,
  0.321716;0.764204;0.081123;,
  0.261241;0.781595;0.087321;,
  0.372425;0.756757;0.074076;,
  0.097182;0.802119;0.069079;,
  0.102005;0.811726;0.036091;,
  0.066263;0.799449;0.065502;,
  0.065727;0.803581;0.036598;,
  0.100102;0.690025;0.086095;,
  0.045035;0.809352;0.042092;,
  0.095947;0.795742;0.005558;,
  0.079986;0.764104;-0.003474;,
  0.066419;0.784617;0.005811;,
  0.104469;0.762203;-0.001874;,
  0.104217;0.734919;0.093055;,
  0.059641;0.721863;0.110131;,
  0.105051;0.738006;0.091251;,
  0.000000;0.716571;0.112537;,
  0.000000;0.777503;0.098815;,
  0.079249;0.780433;0.097695;,
  0.105051;0.738006;0.091251;,
  0.107045;0.716094;0.026306;,
  0.107198;0.726954;0.073979;,
  0.117821;0.725456;0.006454;,
  0.108661;0.697211;0.045785;,
  0.102971;0.700013;0.013083;,
  0.098031;0.731102;-0.008446;,
  0.110222;0.694449;0.064688;,
  0.065727;0.803581;0.036598;,
  -0.000000;0.560186;-0.056756;,
  0.000003;0.496704;-0.061771;,
  0.000003;0.502404;0.109106;,
  -0.000000;0.602477;0.085872;,
  0.045035;0.809352;0.042092;,
  0.065727;0.803581;0.036598;,
  0.107198;0.726954;0.073979;,
  0.000000;0.808655;0.084889;,
  0.107180;0.717021;0.042121;,
  0.107045;0.716094;0.026306;,
  0.098031;0.731102;-0.008446;,
  0.107180;0.717021;0.042121;,
  -0.066419;0.784617;0.005811;,
  -0.034275;0.774573;0.001481;,
  -0.079986;0.764104;-0.003474;,
  -0.031973;0.797020;0.023537;,
  -0.098074;0.731006;-0.008446;,
  -0.057720;0.712932;-0.038561;,
  -0.099134;0.706344;-0.002931;,
  -0.042433;0.747438;-0.023243;,
  -0.033020;0.810041;0.077424;,
  -0.079249;0.780433;0.097695;,
  -0.047456;0.781273;0.104891;,
  -0.066263;0.799449;0.065502;,
  -0.093036;0.558672;0.055462;,
  -0.046614;0.563372;0.083627;,
  -0.089790;0.567549;0.052497;,
  -0.042126;0.553337;0.085324;,
  -0.084695;0.567238;-0.012947;,
  -0.096188;0.540966;0.005704;,
  -0.048588;0.561624;-0.052029;,
  -0.079147;0.511606;-0.034603;,
  -0.045253;0.504656;-0.054470;,
  0.000000;0.560990;0.083909;,
  0.000000;0.548968;0.087094;,
  -0.054576;0.645655;0.095309;,
  -0.000000;0.680476;0.109092;,
  -0.059345;0.683118;0.104806;,
  0.000000;0.645904;0.100062;,
  -0.104877;0.506170;0.080778;,
  -0.046201;0.505103;0.109139;,
  -0.104246;0.511595;0.012558;,
  -0.053378;0.603292;0.083246;,
  -0.089846;0.646910;0.073954;,
  -0.103896;0.655969;0.052087;,
  -0.083224;0.617461;-0.011877;,
  -0.092688;0.607118;0.048046;,
  -0.096842;0.670101;-0.006793;,
  -0.056374;0.675892;-0.041022;,
  -0.055554;0.618455;-0.046465;,
  -0.135377;0.787724;0.001075;,
  -0.117821;0.725456;0.006454;,
  -0.186149;0.790696;0.009309;,
  -0.233584;0.718736;0.017602;,
  -0.239510;0.779887;0.017739;,
  -0.178367;0.718480;0.009307;,
  -0.121887;0.722080;0.076478;,
  -0.172926;0.719078;0.088018;,
  -0.178367;0.718480;0.009307;,
  -0.224694;0.719077;0.084306;,
  -0.233584;0.718736;0.017602;,
  -0.128129;0.736153;0.087546;,
  -0.180289;0.791238;0.088036;,
  -0.129848;0.788343;0.081296;,
  -0.230827;0.779776;0.084481;,
  -0.134315;0.799416;0.037307;,
  -0.265117;0.781298;0.012012;,
  -0.323904;0.714399;0.013583;,
  -0.324096;0.763765;0.012162;,
  -0.261908;0.710944;0.013184;,
  -0.359771;0.705274;0.010267;,
  -0.371474;0.755461;0.009423;,
  -0.261908;0.710944;0.013184;,
  -0.322226;0.725047;0.083101;,
  -0.323904;0.714399;0.013583;,
  -0.258374;0.711545;0.088180;,
  -0.363119;0.721493;0.077464;,
  -0.359771;0.705274;0.010267;,
  -0.321716;0.764204;0.081123;,
  -0.261241;0.781595;0.087321;,
  -0.371947;0.755974;0.073194;,
  -0.097182;0.802119;0.069079;,
  -0.102005;0.811726;0.036091;,
  -0.066263;0.799449;0.065502;,
  -0.065727;0.803581;0.036598;,
  -0.100102;0.690025;0.086095;,
  -0.045035;0.809352;0.042092;,
  -0.095947;0.795742;0.005558;,
  -0.079986;0.764104;-0.003474;,
  -0.104469;0.762203;-0.001874;,
  -0.066419;0.784617;0.005811;,
  -0.104217;0.734919;0.093055;,
  -0.105051;0.738006;0.091251;,
  -0.059641;0.721863;0.110131;,
  0.000000;0.716571;0.112537;,
  0.000000;0.777503;0.098815;,
  -0.079249;0.780433;0.097695;,
  -0.105051;0.738006;0.091251;,
  -0.107110;0.716094;0.026306;,
  -0.117821;0.725456;0.006454;,
  -0.110043;0.719339;0.073979;,
  -0.108528;0.697211;0.045785;,
  -0.103150;0.700013;0.013083;,
  -0.098074;0.731006;-0.008446;,
  -0.110222;0.694449;0.064688;,
  -0.065727;0.803581;0.036598;,
  0.000003;0.502404;0.109106;,
  -0.000000;0.602477;0.085872;,
  -0.045035;0.809352;0.042092;,
  -0.065727;0.803581;0.036598;,
  -0.110043;0.719339;0.073979;,
  0.000000;0.808655;0.084889;,
  -0.109028;0.715581;0.042121;,
  -0.107110;0.716094;0.026306;,
  -0.098074;0.731006;-0.008446;,
  -0.109028;0.715581;0.042121;,
  -0.363119;0.721493;0.077464;,
  -0.371474;0.755461;0.009423;,
  -0.359771;0.705274;0.010267;,
  -0.371947;0.755974;0.073194;,
  0.371907;0.756231;0.008819;,
  0.362814;0.717883;0.078446;,
  0.360594;0.706751;0.009683;,
  0.372425;0.756757;0.074076;,
  -0.104877;0.506170;0.080778;,
  0.000003;0.502404;0.109106;,
  -0.046201;0.505103;0.109139;,
  -0.104246;0.511595;0.012558;,
  -0.079147;0.511606;-0.034603;,
  -0.045253;0.504656;-0.054470;,
  0.000003;0.496704;-0.061771;,
  0.000003;0.502404;0.109106;,
  0.104883;0.506170;0.080778;,
  0.046207;0.505103;0.109139;,
  0.104251;0.511595;0.012558;,
  0.079152;0.511606;-0.034603;,
  0.045259;0.504656;-0.054470;,
  0.000000;0.808655;0.084889;,
  0.000000;0.754818;0.038977;,
  -0.033020;0.810041;0.077424;,
  0.000000;0.754818;0.038977;,
  -0.045035;0.809352;0.042092;,
  -0.045035;0.809352;0.042092;,
  0.000000;0.754818;0.038977;,
  -0.031973;0.797020;0.023537;,
  0.000000;0.749714;-0.025745;,
  0.033020;0.810041;0.077424;,
  0.000000;0.754818;0.038977;,
  0.000000;0.808655;0.084889;,
  0.045035;0.809352;0.042092;,
  0.000000;0.754818;0.038977;,
  0.031973;0.797020;0.023537;,
  0.000000;0.754818;0.038977;,
  0.045035;0.809352;0.042092;;
  332;
  3;0,1,2;,
  3;1,0,3;,
  3;4,5,6;,
  3;5,4,7;,
  3;8,9,10;,
  3;9,8,11;,
  3;12,13,14;,
  3;13,12,15;,
  3;16,12,17;,
  3;12,16,15;,
  3;18,19,20;,
  3;19,18,16;,
  3;6,21,22;,
  3;21,6,5;,
  3;14,23,24;,
  3;23,14,13;,
  3;25,26,27;,
  3;26,25,28;,
  3;14,29,12;,
  3;29,14,30;,
  3;12,31,17;,
  3;31,12,29;,
  3;32,33,25;,
  3;34,35,36;,
  3;35,34,37;,
  3;35,38,36;,
  3;38,35,39;,
  3;40,39,41;,
  3;39,40,38;,
  3;42,43,44;,
  3;43,45,46;,
  3;45,43,47;,
  3;48,49,50;,
  3;49,51,50;,
  3;51,49,52;,
  3;53,54,55;,
  3;53,50,54;,
  3;53,48,50;,
  3;50,56,54;,
  3;56,50,51;,
  3;57,54,43;,
  3;54,47,43;,
  3;47,54,56;,
  3;58,59,60;,
  3;59,58,61;,
  3;61,62,59;,
  3;62,61,63;,
  3;64,65,66;,
  3;65,64,67;,
  3;67,68,65;,
  3;68,67,69;,
  3;66,70,71;,
  3;70,66,65;,
  3;65,72,70;,
  3;72,65,68;,
  3;71,61,58;,
  3;61,71,70;,
  3;70,63,61;,
  3;63,70,72;,
  3;56,58,47;,
  3;58,56,71;,
  3;47,60,45;,
  3;60,47,58;,
  3;51,64,66;,
  3;64,51,52;,
  3;66,56,51;,
  3;56,66,71;,
  3;73,57,74;,
  3;57,73,55;,
  3;74,75,73;,
  3;75,74,76;,
  3;33,28,25;,
  3;28,33,77;,
  3;10,78,8;,
  3;79,80,81;,
  3;80,79,82;,
  3;42,82,79;,
  3;83,11,84;,
  3;83,9,11;,
  3;83,85,9;,
  3;86,11,87;,
  3;11,86,84;,
  3;73,75,88;,
  3;55,89,53;,
  3;55,88,89;,
  3;55,73,88;,
  3;90,48,91;,
  3;48,90,92;,
  3;36,93,34;,
  3;93,36,94;,
  3;95,92,90;,
  3;7,94,36;,
  3;93,96,34;,
  3;16,17,19;,
  3;17,31,19;,
  3;78,10,97;,
  3;1,22,2;,
  3;20,98,18;,
  3;98,20,99;,
  3;24,30,14;,
  3;30,24,100;,
  3;49,48,92;,
  3;44,43,46;,
  3;39,16,18;,
  3;16,39,35;,
  3;35,15,16;,
  3;15,35,37;,
  3;15,32,13;,
  3;32,15,37;,
  3;13,101,23;,
  3;101,13,32;,
  3;102,103,2;,
  3;2,103,0;,
  3;81,74,79;,
  3;74,81,76;,
  3;79,57,42;,
  3;57,79,74;,
  3;57,43,42;,
  3;54,57,55;,
  3;37,34,33;,
  3;83,104,85;,
  3;34,77,33;,
  3;77,34,96;,
  3;33,32,37;,
  3;105,11,8;,
  3;28,86,26;,
  3;86,28,84;,
  3;84,77,83;,
  3;77,84,28;,
  3;77,104,83;,
  3;104,77,96;,
  3;104,93,106;,
  3;93,104,96;,
  3;106,94,107;,
  3;94,106,93;,
  3;7,107,94;,
  3;107,7,4;,
  3;5,40,21;,
  3;40,5,38;,
  3;38,7,36;,
  3;7,38,5;,
  3;6,3,4;,
  3;3,6,1;,
  3;108,82,44;,
  3;82,108,80;,
  3;82,42,44;,
  3;53,91,48;,
  3;91,53,89;,
  3;6,22,1;,
  3;27,32,25;,
  3;32,27,101;,
  3;105,87,11;,
  3;18,41,39;,
  3;41,18,98;,
  3;90,91,109;,
  3;110,111,112;,
  3;111,110,113;,
  3;114,115,116;,
  3;115,114,117;,
  3;118,119,120;,
  3;119,118,121;,
  3;122,123,124;,
  3;123,122,125;,
  3;126,122,124;,
  3;122,126,127;,
  3;128,129,126;,
  3;129,128,130;,
  3;117,21,115;,
  3;21,117,22;,
  3;125,131,123;,
  3;131,125,132;,
  3;133,134,135;,
  3;134,133,136;,
  3;125,137,138;,
  3;137,125,122;,
  3;122,139,137;,
  3;139,122,127;,
  3;140,133,141;,
  3;142,143,144;,
  3;143,142,145;,
  3;143,146,147;,
  3;146,143,145;,
  3;40,147,146;,
  3;147,40,41;,
  3;148,149,150;,
  3;150,151,152;,
  3;151,150,153;,
  3;154,155,156;,
  3;156,157,158;,
  3;157,156,155;,
  3;159,155,154;,
  3;159,160,155;,
  3;159,161,160;,
  3;155,162,157;,
  3;162,155,160;,
  3;163,150,160;,
  3;160,152,162;,
  3;152,160,150;,
  3;164,165,166;,
  3;165,164,167;,
  3;166,168,169;,
  3;168,166,165;,
  3;170,171,172;,
  3;171,170,173;,
  3;172,174,175;,
  3;174,172,171;,
  3;173,176,171;,
  3;176,173,177;,
  3;171,178,174;,
  3;178,171,176;,
  3;177,166,176;,
  3;166,177,164;,
  3;176,169,178;,
  3;169,176,166;,
  3;162,164,177;,
  3;164,162,152;,
  3;152,167,164;,
  3;167,152,151;,
  3;157,170,158;,
  3;170,157,173;,
  3;173,162,177;,
  3;162,173,157;,
  3;179,163,161;,
  3;163,179,180;,
  3;180,181,182;,
  3;181,180,179;,
  3;141,135,183;,
  3;135,141,133;,
  3;121,118,184;,
  3;185,186,187;,
  3;186,185,188;,
  3;148,185,187;,
  3;189,119,190;,
  3;189,120,119;,
  3;189,191,120;,
  3;192,120,191;,
  3;120,192,193;,
  3;179,194,181;,
  3;161,194,179;,
  3;161,195,194;,
  3;161,159,195;,
  3;196,154,197;,
  3;154,196,198;,
  3;145,199,200;,
  3;199,145,142;,
  3;201,196,197;,
  3;116,145,200;,
  3;199,142,202;,
  3;126,129,127;,
  3;127,129,139;,
  3;184,203,121;,
  3;111,113,22;,
  3;130,98,99;,
  3;98,130,128;,
  3;132,138,204;,
  3;138,132,125;,
  3;156,197,154;,
  3;149,153,150;,
  3;147,126,143;,
  3;126,147,128;,
  3;143,124,144;,
  3;124,143,126;,
  3;124,140,144;,
  3;140,124,123;,
  3;123,205,140;,
  3;205,123,131;,
  3;206,113,207;,
  3;113,110,207;,
  3;188,180,182;,
  3;180,188,185;,
  3;185,163,180;,
  3;163,185,148;,
  3;163,148,150;,
  3;160,161,163;,
  3;144,141,142;,
  3;189,190,208;,
  3;142,183,202;,
  3;183,142,141;,
  3;141,144,140;,
  3;209,118,120;,
  3;135,192,191;,
  3;192,135,134;,
  3;191,183,135;,
  3;183,191,189;,
  3;183,208,202;,
  3;208,183,189;,
  3;208,199,202;,
  3;199,208,210;,
  3;210,200,199;,
  3;200,210,211;,
  3;116,211,114;,
  3;211,116,200;,
  3;115,40,146;,
  3;40,115,21;,
  3;146,116,115;,
  3;116,146,145;,
  3;117,112,111;,
  3;112,117,114;,
  3;212,187,186;,
  3;187,212,149;,
  3;187,149,148;,
  3;159,198,195;,
  3;198,159,154;,
  3;22,117,111;,
  3;136,140,205;,
  3;140,136,133;,
  3;209,120,193;,
  3;41,128,147;,
  3;128,41,98;,
  3;196,213,198;,
  3;214,215,216;,
  3;215,214,217;,
  3;218,219,220;,
  3;219,218,221;,
  3;222,223,224;,
  3;225,223,222;,
  3;226,223,225;,
  3;227,223,226;,
  3;228,223,227;,
  3;229,230,231;,
  3;229,232,230;,
  3;229,233,232;,
  3;229,234,233;,
  3;228,234,229;,
  3;235,236,237;,
  3;237,238,239;,
  3;240,241,242;,
  3;242,241,243;,
  3;244,245,246;,
  3;247,248,244;,
  3;249,250,251;,
  3;243,250,249;;

  MeshNormals {
   252;
   -0.088103;0.646516;-0.757796;,
   0.050410;0.631526;-0.773715;,
   0.014274;0.742723;-0.669447;,
   0.124367;0.386214;-0.913987;,
   0.511440;0.106388;-0.852708;,
   0.381122;0.206542;-0.901158;,
   0.203387;0.505394;-0.838576;,
   0.848378;0.051631;-0.526867;,
   0.236554;0.827903;0.508545;,
   0.237781;0.454847;0.858239;,
   0.107183;0.934997;0.338071;,
   0.149816;0.456612;0.876961;,
   0.834473;0.346807;0.428228;,
   0.331954;0.085586;0.939405;,
   0.200511;0.338533;0.919343;,
   0.897226;0.147760;0.416117;,
   0.891222;0.087442;-0.445059;,
   0.949686;0.216317;-0.226505;,
   0.416115;0.067141;-0.906830;,
   0.739004;0.114170;-0.663956;,
   0.348744;0.085517;-0.933308;,
   0.000000;0.266477;-0.963841;,
   0.000000;0.572735;-0.819740;,
   -0.000000;0.101082;0.994878;,
   0.000000;0.334782;0.942296;,
   0.281725;-0.283101;0.916780;,
   -0.000000;-0.187188;0.982324;,
   -0.000000;-0.273541;0.961860;,
   0.268534;-0.214914;0.938990;,
   0.720466;0.420755;0.551266;,
   0.186603;0.453525;0.871490;,
   0.960539;0.199100;-0.194227;,
   0.367269;-0.180088;0.912514;,
   0.697968;-0.305610;0.647645;,
   0.967041;-0.227962;0.113424;,
   0.889468;-0.069333;-0.451708;,
   0.875706;-0.080085;-0.476158;,
   0.941366;-0.176969;0.287248;,
   0.427641;0.039641;-0.903079;,
   0.467380;0.035036;-0.883362;,
   0.000000;0.072058;-0.997401;,
   0.000000;0.077891;-0.996962;,
   0.139270;0.486653;-0.862423;,
   0.196094;0.687317;-0.699388;,
   0.124729;-0.712993;-0.689989;,
   -0.105669;-0.705016;-0.701275;,
   0.036020;-0.710160;-0.703118;,
   0.032891;0.720916;-0.692241;,
   -0.032410;-0.883942;0.466473;,
   0.036020;-0.710160;-0.703118;,
   -0.028798;-0.684179;0.728746;,
   -0.090780;-0.697661;0.710654;,
   -0.105669;-0.705016;-0.701275;,
   -0.003113;-0.135862;0.990723;,
   0.083291;0.680719;0.727794;,
   0.101121;0.603541;0.790894;,
   0.046294;0.688458;0.723797;,
   0.167924;0.984494;-0.050731;,
   0.028153;0.714675;-0.698889;,
   -0.052160;-0.737379;-0.673463;,
   -0.089107;-0.736209;-0.670862;,
   0.124360;0.679830;-0.722749;,
   -0.191818;-0.715597;-0.671659;,
   0.044800;0.699029;-0.713689;,
   -0.089107;-0.736209;-0.670862;,
   0.080371;-0.591780;0.802083;,
   -0.046999;-0.712351;0.700248;,
   -0.052160;-0.737379;-0.673463;,
   -0.024051;-0.628483;0.777452;,
   -0.191818;-0.715597;-0.671659;,
   0.225976;0.677578;0.699874;,
   0.069060;0.723461;0.686903;,
   0.195409;0.762682;0.616548;,
   0.089226;0.845004;0.527264;,
   0.056560;0.993808;-0.095640;,
   0.107183;0.934997;0.338071;,
   -0.029133;0.974953;-0.220494;,
   0.722092;-0.221671;0.655320;,
   0.221654;0.950743;-0.216697;,
   -0.041114;0.677104;-0.734738;,
   0.124367;0.386214;-0.913987;,
   -0.088103;0.646516;-0.757796;,
   0.166496;0.091128;-0.981822;,
   0.674670;-0.043318;0.736848;,
   0.199307;-0.010487;0.979881;,
   0.427179;-0.050326;0.902765;,
   -0.000000;0.009689;0.999953;,
   0.000000;0.278650;0.960393;,
   0.237781;0.454847;0.858239;,
   0.427179;-0.050326;0.902765;,
   0.800683;-0.581636;-0.143548;,
   0.704700;-0.596172;0.384679;,
   0.124729;-0.712993;-0.689989;,
   0.993661;-0.041583;-0.104446;,
   0.977759;-0.060203;-0.200905;,
   0.511440;0.106388;-0.852708;,
   0.983523;-0.104082;0.147816;,
   -0.029133;0.974953;-0.220494;,
   -0.000002;0.060904;-0.998144;,
   0.000003;0.058420;-0.998292;,
   -0.000001;0.434630;0.900609;,
   -0.000000;-0.158551;0.987351;,
   0.221654;0.950743;-0.216697;,
   -0.029133;0.974953;-0.220494;,
   0.704700;-0.596172;0.384679;,
   0.000000;0.561151;0.827714;,
   0.998396;0.028079;-0.049169;,
   0.800683;-0.581636;-0.143548;,
   0.511440;0.106388;-0.852708;,
   0.998396;0.028079;-0.049169;,
   0.088103;0.646516;-0.757796;,
   -0.050463;0.631460;-0.773765;,
   -0.124494;0.386046;-0.914040;,
   -0.014274;0.742723;-0.669447;,
   -0.511936;0.106631;-0.852380;,
   -0.381138;0.206571;-0.901145;,
   -0.846698;0.052688;-0.529459;,
   -0.203422;0.505321;-0.838612;,
   -0.236554;0.827904;0.508545;,
   -0.237781;0.454847;0.858239;,
   -0.149816;0.456612;0.876961;,
   -0.107183;0.934997;0.338071;,
   -0.834514;0.346729;0.428212;,
   -0.331955;0.085586;0.939405;,
   -0.897238;0.147710;0.416107;,
   -0.200520;0.338523;0.919344;,
   -0.891236;0.087381;-0.445043;,
   -0.949708;0.216219;-0.226504;,
   -0.416126;0.067120;-0.906826;,
   -0.739019;0.114105;-0.663951;,
   -0.348734;0.085479;-0.933316;,
   -0.000000;0.101082;0.994878;,
   0.000000;0.334782;0.942296;,
   -0.281725;-0.283101;0.916780;,
   -0.000000;-0.187188;0.982324;,
   -0.268534;-0.214914;0.938990;,
   -0.000000;-0.273541;0.961860;,
   -0.720484;0.420703;0.551282;,
   -0.186593;0.453507;0.871501;,
   -0.960545;0.199049;-0.194249;,
   -0.367269;-0.180088;0.912514;,
   -0.697968;-0.305610;0.647645;,
   -0.967012;-0.228032;0.113530;,
   -0.889468;-0.069333;-0.451708;,
   -0.941366;-0.176969;0.287248;,
   -0.875596;-0.080240;-0.476332;,
   -0.427641;0.039641;-0.903079;,
   -0.467380;0.035036;-0.883362;,
   -0.139270;0.486653;-0.862423;,
   -0.155203;-0.699704;-0.697371;,
   -0.196094;0.687317;-0.699388;,
   0.105669;-0.705016;-0.701275;,
   -0.032891;0.720916;-0.692241;,
   -0.036020;-0.710160;-0.703118;,
   -0.083953;-0.850269;0.519609;,
   0.028798;-0.684179;0.728746;,
   -0.036020;-0.710160;-0.703118;,
   0.090780;-0.697661;0.710654;,
   0.105669;-0.705016;-0.701275;,
   -0.041035;-0.109343;0.993157;,
   -0.083291;0.680719;0.727794;,
   -0.101121;0.603541;0.790894;,
   -0.046294;0.688458;0.723797;,
   -0.167924;0.984494;-0.050731;,
   -0.028153;0.714675;-0.698889;,
   0.035719;-0.739191;-0.672548;,
   -0.134798;0.678713;-0.721927;,
   0.089107;-0.736209;-0.670862;,
   0.164100;-0.744110;-0.647589;,
   -0.065448;0.696309;-0.714752;,
   0.089107;-0.736209;-0.670862;,
   -0.094394;-0.593687;0.799140;,
   0.035719;-0.739191;-0.672548;,
   0.046999;-0.712351;0.700248;,
   -0.015837;-0.594270;0.804109;,
   0.164100;-0.744110;-0.647589;,
   -0.236245;0.675615;0.698378;,
   -0.069060;0.723461;0.686903;,
   -0.218327;0.761412;0.610398;,
   -0.089226;0.845004;0.527264;,
   -0.056560;0.993808;-0.095640;,
   -0.107183;0.934997;0.338071;,
   0.029133;0.974953;-0.220494;,
   -0.704185;-0.235812;0.669713;,
   -0.221654;0.950743;-0.216697;,
   0.041114;0.677104;-0.734738;,
   -0.124494;0.386046;-0.914040;,
   -0.166525;0.091161;-0.981814;,
   0.088103;0.646516;-0.757796;,
   -0.644634;-0.029653;0.763916;,
   -0.408508;0.000174;0.912755;,
   -0.199307;-0.010487;0.979881;,
   -0.000000;0.009689;0.999953;,
   0.000000;0.278650;0.960393;,
   -0.237781;0.454847;0.858239;,
   -0.408508;0.000174;0.912755;,
   -0.830720;-0.525846;-0.182730;,
   -0.155203;-0.699704;-0.697371;,
   -0.782244;-0.511184;0.356069;,
   -0.990343;-0.078337;-0.114385;,
   -0.975911;-0.066552;-0.207769;,
   -0.511936;0.106631;-0.852380;,
   -0.976654;-0.143512;0.159848;,
   0.029133;0.974953;-0.220494;,
   -0.000001;0.434630;0.900609;,
   -0.000000;-0.158551;0.987351;,
   -0.221654;0.950743;-0.216697;,
   0.029133;0.974953;-0.220494;,
   -0.782244;-0.511184;0.356069;,
   0.000000;0.561151;0.827714;,
   -0.968489;0.226893;-0.102705;,
   -0.830720;-0.525846;-0.182730;,
   -0.511936;0.106631;-0.852380;,
   -0.968489;0.226893;-0.102705;,
   -0.971858;-0.235562;0.001741;,
   -0.971858;-0.235562;0.001741;,
   -0.971858;-0.235562;0.001741;,
   -0.971858;-0.235562;0.001741;,
   0.973088;-0.230435;0.000173;,
   0.973088;-0.230435;0.000173;,
   0.973088;-0.230435;0.000173;,
   0.973088;-0.230435;0.000173;,
   -0.103142;-0.994645;-0.006563;,
   0.000000;-0.999978;-0.006598;,
   -0.103142;-0.994645;-0.006563;,
   -0.103142;-0.994645;-0.006563;,
   -0.103142;-0.994645;-0.006563;,
   -0.103142;-0.994645;-0.006563;,
   0.000000;-0.999978;-0.006598;,
   0.000000;-0.999978;-0.006598;,
   0.103142;-0.994645;-0.006563;,
   0.103142;-0.994645;-0.006563;,
   0.103142;-0.994645;-0.006563;,
   0.103142;-0.994645;-0.006563;,
   0.103142;-0.994645;-0.006563;,
   0.000000;0.648892;-0.760881;,
   0.000000;0.954920;-0.296862;,
   0.498702;0.675950;-0.542575;,
   0.000000;0.954920;-0.296862;,
   0.760916;0.635779;-0.129584;,
   0.760916;0.635779;-0.129584;,
   0.000000;0.954920;-0.296862;,
   0.783039;0.618218;0.068240;,
   0.000000;0.996905;-0.078618;,
   -0.498702;0.675950;-0.542575;,
   0.000000;0.954920;-0.296862;,
   0.000000;0.648892;-0.760881;,
   -0.760916;0.635779;-0.129584;,
   0.000000;0.954920;-0.296862;,
   -0.783039;0.618218;0.068240;,
   0.000000;0.954920;-0.296862;,
   -0.760916;0.635779;-0.129584;;
   332;
   3;0,1,2;,
   3;1,0,3;,
   3;4,5,6;,
   3;5,4,7;,
   3;8,9,10;,
   3;9,8,11;,
   3;12,13,14;,
   3;13,12,15;,
   3;16,12,17;,
   3;12,16,15;,
   3;18,19,20;,
   3;19,18,16;,
   3;6,21,22;,
   3;21,6,5;,
   3;14,23,24;,
   3;23,14,13;,
   3;25,26,27;,
   3;26,25,28;,
   3;14,29,12;,
   3;29,14,30;,
   3;12,31,17;,
   3;31,12,29;,
   3;32,33,25;,
   3;34,35,36;,
   3;35,34,37;,
   3;35,38,36;,
   3;38,35,39;,
   3;40,39,41;,
   3;39,40,38;,
   3;42,43,44;,
   3;43,45,46;,
   3;45,43,47;,
   3;48,49,50;,
   3;49,51,50;,
   3;51,49,52;,
   3;53,54,55;,
   3;53,50,54;,
   3;53,48,50;,
   3;50,56,54;,
   3;56,50,51;,
   3;57,54,43;,
   3;54,47,43;,
   3;47,54,56;,
   3;58,59,60;,
   3;59,58,61;,
   3;61,62,59;,
   3;62,61,63;,
   3;64,65,66;,
   3;65,64,67;,
   3;67,68,65;,
   3;68,67,69;,
   3;66,70,71;,
   3;70,66,65;,
   3;65,72,70;,
   3;72,65,68;,
   3;71,61,58;,
   3;61,71,70;,
   3;70,63,61;,
   3;63,70,72;,
   3;56,58,47;,
   3;58,56,71;,
   3;47,60,45;,
   3;60,47,58;,
   3;51,64,66;,
   3;64,51,52;,
   3;66,56,51;,
   3;56,66,71;,
   3;73,57,74;,
   3;57,73,55;,
   3;74,75,73;,
   3;75,74,76;,
   3;33,28,25;,
   3;28,33,77;,
   3;10,78,8;,
   3;79,80,81;,
   3;80,79,82;,
   3;42,82,79;,
   3;83,11,84;,
   3;83,9,11;,
   3;83,85,9;,
   3;86,11,87;,
   3;11,86,84;,
   3;73,75,88;,
   3;55,89,53;,
   3;55,88,89;,
   3;55,73,88;,
   3;90,48,91;,
   3;48,90,92;,
   3;36,93,34;,
   3;93,36,94;,
   3;95,92,90;,
   3;7,94,36;,
   3;93,96,34;,
   3;16,17,19;,
   3;17,31,19;,
   3;78,10,97;,
   3;1,22,2;,
   3;20,98,18;,
   3;98,20,99;,
   3;24,30,14;,
   3;30,24,100;,
   3;49,48,92;,
   3;44,43,46;,
   3;39,16,18;,
   3;16,39,35;,
   3;35,15,16;,
   3;15,35,37;,
   3;15,32,13;,
   3;32,15,37;,
   3;13,101,23;,
   3;101,13,32;,
   3;102,103,2;,
   3;2,103,0;,
   3;81,74,79;,
   3;74,81,76;,
   3;79,57,42;,
   3;57,79,74;,
   3;57,43,42;,
   3;54,57,55;,
   3;37,34,33;,
   3;83,104,85;,
   3;34,77,33;,
   3;77,34,96;,
   3;33,32,37;,
   3;105,11,8;,
   3;28,86,26;,
   3;86,28,84;,
   3;84,77,83;,
   3;77,84,28;,
   3;77,104,83;,
   3;104,77,96;,
   3;104,93,106;,
   3;93,104,96;,
   3;106,94,107;,
   3;94,106,93;,
   3;7,107,94;,
   3;107,7,4;,
   3;5,40,21;,
   3;40,5,38;,
   3;38,7,36;,
   3;7,38,5;,
   3;6,3,4;,
   3;3,6,1;,
   3;108,82,44;,
   3;82,108,80;,
   3;82,42,44;,
   3;53,91,48;,
   3;91,53,89;,
   3;6,22,1;,
   3;27,32,25;,
   3;32,27,101;,
   3;105,87,11;,
   3;18,41,39;,
   3;41,18,98;,
   3;90,91,109;,
   3;110,111,112;,
   3;111,110,113;,
   3;114,115,116;,
   3;115,114,117;,
   3;118,119,120;,
   3;119,118,121;,
   3;122,123,124;,
   3;123,122,125;,
   3;126,122,124;,
   3;122,126,127;,
   3;128,129,126;,
   3;129,128,130;,
   3;117,21,115;,
   3;21,117,22;,
   3;125,131,123;,
   3;131,125,132;,
   3;133,134,135;,
   3;134,133,136;,
   3;125,137,138;,
   3;137,125,122;,
   3;122,139,137;,
   3;139,122,127;,
   3;140,133,141;,
   3;142,143,144;,
   3;143,142,145;,
   3;143,146,147;,
   3;146,143,145;,
   3;40,147,146;,
   3;147,40,41;,
   3;148,149,150;,
   3;150,151,152;,
   3;151,150,153;,
   3;154,155,156;,
   3;156,157,158;,
   3;157,156,155;,
   3;159,155,154;,
   3;159,160,155;,
   3;159,161,160;,
   3;155,162,157;,
   3;162,155,160;,
   3;163,150,160;,
   3;160,152,162;,
   3;152,160,150;,
   3;164,165,166;,
   3;165,164,167;,
   3;166,168,169;,
   3;168,166,165;,
   3;170,171,172;,
   3;171,170,173;,
   3;172,174,175;,
   3;174,172,171;,
   3;173,176,171;,
   3;176,173,177;,
   3;171,178,174;,
   3;178,171,176;,
   3;177,166,176;,
   3;166,177,164;,
   3;176,169,178;,
   3;169,176,166;,
   3;162,164,177;,
   3;164,162,152;,
   3;152,167,164;,
   3;167,152,151;,
   3;157,170,158;,
   3;170,157,173;,
   3;173,162,177;,
   3;162,173,157;,
   3;179,163,161;,
   3;163,179,180;,
   3;180,181,182;,
   3;181,180,179;,
   3;141,135,183;,
   3;135,141,133;,
   3;121,118,184;,
   3;185,186,187;,
   3;186,185,188;,
   3;148,185,187;,
   3;189,119,190;,
