xof 0303txt 0032
template ColorRGBA {
 <35ff44e0-6c7c-11cf-8f52-0040333594a3>
 FLOAT red;
 FLOAT green;
 FLOAT blue;
 FLOAT alpha;
}

template ColorRGB {
 <d3e16e81-7835-11cf-8f52-0040333594a3>
 FLOAT red;
 FLOAT green;
 FLOAT blue;
}

template Material {
 <3d82ab4d-62da-11cf-ab39-0020af71e433>
 ColorRGBA faceColor;
 FLOAT power;
 ColorRGB specularColor;
 ColorRGB emissiveColor;
 [...]
}

template TextureFilename {
 <a42790e1-7810-11cf-8f52-0040333594a3>
 STRING filename;
}

template Frame {
 <3d82ab46-62da-11cf-ab39-0020af71e433>
 [...]
}

template Matrix4x4 {
 <f6f23f45-7686-11cf-8f52-0040333594a3>
 array FLOAT matrix[16];
}

template FrameTransformMatrix {
 <f6f23f41-7686-11cf-8f52-0040333594a3>
 Matrix4x4 frameMatrix;
}

template Vector {
 <3d82ab5e-62da-11cf-ab39-0020af71e433>
 FLOAT x;
 FLOAT y;
 FLOAT z;
}

template MeshFace {
 <3d82ab5f-62da-11cf-ab39-0020af71e433>
 DWORD nFaceVertexIndices;
 array DWORD faceVertexIndices[nFaceVertexIndices];
}

template Mesh {
 <3d82ab44-62da-11cf-ab39-0020af71e433>
 DWORD nVertices;
 array Vector vertices[nVertices];
 DWORD nFaces;
 array MeshFace faces[nFaces];
 [...]
}

template MeshNormals {
 <f6f23f43-7686-11cf-8f52-0040333594a3>
 DWORD nNormals;
 array Vector normals[nNormals];
 DWORD nFaceNormals;
 array MeshFace faceNormals[nFaceNormals];
}

template MeshMaterialList {
 <f6f23f42-7686-11cf-8f52-0040333594a3>
 DWORD nMaterials;
 DWORD nFaceIndexes;
 array DWORD faceIndexes[nFaceIndexes];
 [Material <3d82ab4d-62da-11cf-ab39-0020af71e433>]
}

template Coords2d {
 <f6f23f44-7686-11cf-8f52-0040333594a3>
 FLOAT u;
 FLOAT v;
}

template MeshTextureCoords {
 <f6f23f40-7686-11cf-8f52-0040333594a3>
 DWORD nTextureCoords;
 array Coords2d textureCoords[nTextureCoords];
}

template XSkinMeshHeader {
 <3cf169ce-ff7c-44ab-93c0-f78f62d172e2>
 WORD nMaxSkinWeightsPerVertex;
 WORD nMaxSkinWeightsPerFace;
 WORD nBones;
}

template SkinWeights {
 <6f0d123b-bad2-4167-a0d0-80224f25fabb>
 STRING transformNodeName;
 DWORD nWeights;
 array DWORD vertexIndices[nWeights];
 array FLOAT weights[nWeights];
 Matrix4x4 matrixOffset;
}

template AnimTicksPerSecond {
 <9e415a43-7ba6-4a73-8743-b73d47e88476>
 DWORD AnimTicksPerSecond;
}

template Animation {
 <3d82ab4f-62da-11cf-ab39-0020af71e433>
 [...]
}

template AnimationSet {
 <3d82ab50-62da-11cf-ab39-0020af71e433>
 [Animation <3d82ab4f-62da-11cf-ab39-0020af71e433>]
}

template FloatKeys {
 <10dd46a9-775b-11cf-8f52-0040333594a3>
 DWORD nValues;
 array FLOAT values[nValues];
}

template TimedFloatKeys {
 <f406b180-7b3b-11cf-8f52-0040333594a3>
 DWORD time;
 FloatKeys tfkeys;
}

template AnimationKey {
 <10dd46a8-775b-11cf-8f52-0040333594a3>
 DWORD keyType;
 DWORD nKeys;
 array TimedFloatKeys keys[nKeys];
}


Material _04_-_Default {
 1.000000;1.000000;1.000000;1.000000;;
 9.999999;
 0.000000;0.000000;0.000000;;
 0.000000;0.000000;0.000000;;

 TextureFilename {
  "Male_Jumper_Diamond.png";
 }
}

Frame Dummy01 {
 

 FrameTransformMatrix {
  1.000000,0.000000,0.000000,0.000000,0.000000,-0.000000,-1.000000,0.000000,0.000000,1.000000,-0.000000,0.000000,0.000000,0.000000,0.000000,1.000000;;
 }

 Frame Bip01 {
  

  FrameTransformMatrix {
   -0.087155,0.982405,-0.165183,0.000000,-0.000001,0.165814,0.986157,0.000000,0.996195,0.085949,-0.014450,0.000000,-0.010000,-0.012284,0.490453,1.000000;;
  }

  Frame Bip01_Pelvis {
   

   FrameTransformMatrix {
    0.000000,1.000000,-0.000001,0.000000,-0.000001,0.000001,1.000000,0.000000,1.000000,0.000000,0.000001,0.000000,0.000000,0.000000,0.000000,1.000000;;
   }

   Frame Bip01_Spine {
    

    FrameTransformMatrix {
     0.984686,0.000002,-0.174337,0.000000,-0.000001,1.000000,0.000004,0.000000,0.174337,-0.000004,0.984686,0.000000,0.051619,0.000000,-0.000083,1.000000;;
    }

    Frame Bip01_Spine1 {
     

     FrameTransformMatrix {
      0.997819,0.052687,0.039774,0.000000,-0.044862,0.983198,-0.176942,0.000000,-0.048428,0.174771,0.983417,0.000000,0.106484,-0.000015,-0.000083,1.000000;;
     }

     Frame Bip01_Neck {
      

      FrameTransformMatrix {
       0.966067,-0.020835,0.257451,0.000000,0.025191,0.999590,-0.013632,0.000000,-0.257061,0.019655,0.966195,0.000000,0.130511,-0.000001,0.004626,1.000000;;
      }

      Frame Bip01_Head {
       

       FrameTransformMatrix {
        0.989321,-0.051753,-0.136255,0.000000,0.064251,0.993958,0.088989,0.000000,0.130826,-0.096793,0.986669,0.000000,0.033674,-0.000000,-0.000000,1.000000;;
       }

       Frame Bip01_HeadNub {
        

        FrameTransformMatrix {
         1.000000,-0.000000,-0.000000,0.000000,-0.000000,1.000000,0.000000,0.000000,0.000000,-0.000000,1.000000,0.000000,0.169824,0.000000,0.000000,1.000000;;
        }
       }
      }

      Frame Bip01_L_Clavicle {
       

       FrameTransformMatrix {
        -0.205975,0.976135,0.068811,0.000000,0.943873,0.216738,-0.249254,0.000000,-0.258220,0.013609,-0.965990,0.000000,-0.024734,0.015166,0.002017,1.000000;;
       }

       Frame Bip01_L_UpperArm {
        

        FrameTransformMatrix {
         0.385871,-0.777669,0.496320,0.000000,0.922466,0.332598,-0.196046,0.000000,-0.012616,0.533487,0.845714,0.000000,0.087086,-0.000000,-0.000000,1.000000;;
        }

        Frame Bip01_L_Forearm {
         

         FrameTransformMatrix {
          0.943939,0.000000,-0.330119,0.000000,0.000000,1.000000,-0.000000,0.000000,0.330119,-0.000000,0.943939,0.000000,0.137062,0.000000,0.000000,1.000000;;
         }

         Frame Bip01_L_Hand {
          

          FrameTransformMatrix {
           1.000000,-0.000000,0.000000,0.000000,0.000000,0.000796,1.000000,0.000000,0.000000,-1.000000,0.000796,0.000000,0.137062,0.000000,0.000000,1.000000;;
          }

          Frame Bip01_L_Finger0 {
           

           FrameTransformMatrix {
            0.690342,-0.181727,0.700288,0.000000,0.558537,0.749101,-0.356210,0.000000,-0.459853,0.637043,0.618637,0.000000,0.057681,-0.023605,-0.000272,1.000000;;
           }

           Frame Bip01_L_Finger0Nub {
            

            FrameTransformMatrix {
             1.000000,0.000000,0.000000,0.000000,0.000000,1.000000,0.000000,0.000000,-0.000000,0.000000,1.000000,0.000000,0.029435,-0.000000,-0.000000,1.000000;;
            }
           }
          }

          Frame Bip01_L_Finger1 {
           

           FrameTransformMatrix {
            0.728079,-0.000546,0.685493,0.000000,0.000000,1.000000,0.000796,0.000000,-0.685493,-0.000580,0.728079,0.000000,0.084102,0.000000,0.000000,1.000000;;
           }

           Frame Bip01_L_Finger1Nub {
            

            FrameTransformMatrix {
             1.000000,0.000000,0.000000,0.000000,-0.000000,1.000000,-0.000000,0.000000,-0.000000,0.000000,1.000000,0.000000,0.047988,0.000000,-0.000000,1.000000;;
            }
           }
          }
         }
        }
       }
      }

      Frame Bip01_R_Clavicle {
       

       FrameTransformMatrix {
        -0.028509,-0.999573,-0.006461,0.000000,-0.965665,0.025871,0.258498,0.000000,-0.258220,0.013609,-0.965990,0.000000,-0.024080,-0.016250,0.001399,1.000000;;
       }

       Frame Bip01_R_UpperArm {
        

        FrameTransformMatrix {
         0.221390,0.975047,0.016433,0.000000,-0.974986,0.221654,-0.016512,0.000000,-0.019742,-0.012366,0.999729,0.000000,0.087086,0.000000,0.000000,1.000000;;
        }

        Frame Bip01_R_Forearm {
         

         FrameTransformMatrix {
          0.915660,-0.000000,-0.401954,0.000000,-0.000000,1.000000,-0.000000,0.000000,0.401954,-0.000000,0.915660,0.000000,0.137062,0.000000,0.000000,1.000000;;
         }

         Frame Bip01_R_Hand {
          

          FrameTransformMatrix {
           0.975195,-0.000000,-0.221346,0.000000,-0.221346,0.000796,-0.975195,0.000000,0.000176,1.000000,0.000777,0.000000,0.137062,-0.000000,0.000000,1.000000;;
          }

          Frame Bip01_R_Finger0 {
           

           FrameTransformMatrix {
            0.417774,-0.116941,0.900994,0.000000,-0.558537,0.749101,0.356210,0.000000,-0.716591,-0.652054,0.247639,0.000000,0.057681,0.023605,-0.000272,1.000000;;
           }

           Frame Bip01_R_Finger0Nub {
            

            FrameTransformMatrix {
             -1.000000,-0.000000,0.000000,0.000000,-0.000000,1.000000,0.000000,0.000000,-0.000000,0.000000,-1.000000,0.000000,0.029435,-0.000000,0.000000,1.000000;;
            }
           }
          }

          Frame Bip01_R_Finger1 {
           

           FrameTransformMatrix {
            0.352436,0.000745,0.935835,0.000000,0.000000,1.000000,-0.000796,0.000000,-0.935836,0.000281,0.352436,0.000000,0.084102,0.000000,0.000000,1.000000;;
           }

           Frame Bip01_R_Finger1Nub {
            

            FrameTransformMatrix {
             -1.000000,0.000000,0.000000,0.000000,0.000000,1.000000,-0.000000,0.000000,0.000000,-0.000000,-1.000000,0.000000,0.047988,0.000000,0.000000,1.000000;;
            }
           }
          }
         }
        }
       }
      }
     }

     Frame Bip01_BackPack {
      

      FrameTransformMatrix {
       0.180560,0.080500,-0.980264,0.000000,0.047560,0.994764,0.090451,0.000000,0.982413,-0.062954,0.175786,0.000000,0.063697,0.000003,-0.088856,1.000000;;
      }

      Frame Bip01_BackPackNub {
       

       FrameTransformMatrix {
        0.000796,0.000003,1.000000,0.000000,0.000000,-1.000000,0.000003,0.000000,1.000000,-0.000000,-0.000796,0.000000,0.053240,0.000000,0.000000,1.000000;;
       }
      }
     }
    }

    Frame Bip01_L_Thigh {
     

     FrameTransformMatrix {
      -0.888504,0.030427,0.457858,0.000000,-0.032107,-0.999476,0.004114,0.000000,0.457744,-0.011045,0.889016,0.000000,-0.050843,0.055225,-0.008917,1.000000;;
     }

     Frame Bip01_L_Calf {
      

      FrameTransformMatrix {
       0.942235,-0.000000,-0.334952,0.000000,-0.000000,1.000000,-0.000000,0.000000,0.334952,-0.000000,0.942235,0.000000,0.237500,0.000000,-0.000000,1.000000;;
      }

      Frame Bip01_L_Foot {
       

       FrameTransformMatrix {
        0.924325,-0.026487,0.380687,0.000000,-0.068962,0.969570,0.234901,0.000000,-0.375325,-0.243378,0.894371,0.000000,0.206841,0.000000,0.000000,1.000000;;
       }

       Frame Bip01_L_Toe0 {
        

        FrameTransformMatrix {
         0.000000,0.000000,1.000000,0.000000,0.000000,1.000000,-0.000000,0.000000,-1.000000,0.000000,0.000000,0.000000,0.065373,0.000000,0.066450,1.000000;;
        }

        Frame Bip01_L_Toe0Nub {
         

         FrameTransformMatrix {
          -1.000000,0.000000,0.000000,0.000000,0.000000,1.000000,0.000000,0.000000,0.000000,0.000000,-1.000000,0.000000,0.006735,-0.000000,-0.000000,1.000000;;
         }
        }
       }
      }
     }
    }

    Frame Bip01_R_Thigh {
     

     FrameTransformMatrix {
      -0.996965,0.030321,-0.071704,0.000000,-0.029454,-0.999480,-0.013113,0.000000,-0.072065,-0.010961,0.997340,0.000000,-0.050843,-0.055225,-0.008917,1.000000;;
     }

     Frame Bip01_R_Calf {
      

      FrameTransformMatrix {
       0.730239,0.000000,-0.683192,0.000000,0.000000,1.000000,0.000000,0.000000,0.683192,0.000000,0.730239,0.000000,0.237500,0.000000,0.000000,1.000000;;
      }

      Frame Bip01_R_Foot {
       

       FrameTransformMatrix {
        0.991957,0.087165,-0.091782,0.000000,-0.093276,0.993546,-0.064539,0.000000,0.085565,0.072581,0.993685,0.000000,0.206841,0.000000,0.000000,1.000000;;
       }

       Frame Bip01_R_Toe0 {
        

        FrameTransformMatrix {
         0.000000,0.000000,1.000000,0.000000,0.000000,1.000000,-0.000000,0.000000,-1.000000,0.000000,0.000000,0.000000,0.065373,0.000000,0.066450,1.000000;;
        }

        Frame Bip01_R_Toe0Nub {
         

         FrameTransformMatrix {
          1.000000,0.000000,0.000000,0.000000,0.000000,1.000000,-0.000000,0.000000,-0.000000,-0.000000,1.000000,0.000000,0.006735,-0.000000,-0.000000,1.000000;;
         }
        }
       }
      }
     }
    }
   }

   Frame Bip01_DressFront {
    

    FrameTransformMatrix {
     -0.880185,-0.088339,0.466338,0.000000,0.121847,0.907542,0.401896,0.000000,-0.458725,0.410564,-0.788041,0.000000,-0.043935,0.001339,0.061057,1.000000;;
    }

    Frame Bip01_DressFront02 {
     

     FrameTransformMatrix {
      0.912593,0.000001,0.408870,0.000000,-0.000001,1.000000,-0.000000,0.000000,-0.408870,-0.000000,0.912593,0.000000,0.183378,-0.000000,-0.000120,1.000000;;
     }

     Frame Bip01_DressFrontNub {
      

      FrameTransformMatrix {
       0.000796,0.000003,1.000000,0.000000,0.000000,-1.000000,0.000003,0.000000,1.000000,0.000000,-0.000796,0.000000,0.165302,0.000000,0.000000,1.000000;;
      }
     }
    }
   }

   Frame Bip01_DressBack {
    

    FrameTransformMatrix {
     -0.886023,0.038029,0.462080,0.000000,0.191625,0.937561,0.290274,0.000000,-0.422190,0.345735,-0.837988,0.000000,-0.047673,-0.000048,-0.078302,1.000000;;
    }

    Frame Bip01_DressBack02 {
     

     FrameTransformMatrix {
      0.936852,0.174932,-0.302833,0.000000,-0.166408,0.984581,0.053939,0.000000,0.307600,-0.000139,0.951516,0.000000,0.176125,0.000000,-0.000103,1.000000;;
     }

     Frame Bip01_DressBackNub {
      

      FrameTransformMatrix {
       0.000796,0.000003,1.000000,0.000000,0.000000,-1.000000,0.000003,0.000000,1.000000,0.000000,-0.000796,0.000000,0.136508,0.000000,0.000000,1.000000;;
      }
     }
    }
   }
  }

  Frame Bip01_Prop1 {
   

   FrameTransformMatrix {
    -0.233929,-0.108090,0.966227,0.000000,0.687222,0.684611,0.242967,0.000000,-0.687752,0.720849,-0.085868,0.000000,0.076452,-0.048658,-0.145664,1.000000;;
   }
  }

  Frame Bip01_Prop2 {
   

   FrameTransformMatrix {
    -0.163643,-0.967062,0.194966,0.000000,0.985576,-0.168906,-0.010564,0.000000,0.043147,0.190425,0.980753,0.000000,-0.138405,-0.102098,0.114818,1.000000;;
   }
  }
 }
}

Frame Translation_Data {
 

 FrameTransformMatrix {
  -0.000000,0.000000,-1.000000,0.000000,-1.000000,-0.000000,0.000000,0.000000,-0.000000,1.000000,0.000000,0.000000,0.000000,-0.000000,0.000000,1.000000;;
 }
}

Frame Bob_Jumper {
 

 FrameTransformMatrix {
  1.000000,0.000000,0.000000,0.000000,0.000000,1.000000,0.000000,0.000000,0.000000,0.000000,1.000000,0.000000,0.000000,0.000000,0.000000,1.000000;;
 }

 Mesh Bob_Jumper {
  230;
  0.062841;0.784670;0.005522;,
  0.034602;0.776510;-0.000477;,
  0.033146;0.798238;0.021337;,
  0.076617;0.764705;-0.003638;,
  0.087793;0.743301;-0.008086;,
  0.058910;0.713937;-0.040857;,
  0.042942;0.749044;-0.025447;,
  0.101757;0.706663;-0.003781;,
  0.034273;0.811693;0.079267;,
  0.076736;0.780642;0.097548;,
  0.063859;0.800081;0.065387;,
  0.047635;0.782378;0.107429;,
  0.092842;0.559999;0.055184;,
  0.046225;0.563953;0.080514;,
  0.044406;0.554467;0.085807;,
  0.086352;0.568513;0.052561;,
  0.081763;0.567528;-0.013719;,
  0.095316;0.541546;0.007364;,
  0.048528;0.561391;-0.049873;,
  0.076062;0.508435;-0.028858;,
  0.044904;0.504149;-0.039422;,
  0.000000;0.714308;-0.049680;,
  0.000000;0.751269;-0.028042;,
  0.000000;0.561500;0.080932;,
  -0.000000;0.550057;0.085902;,
  0.055362;0.644721;0.093919;,
  -0.000000;0.679840;0.111793;,
  0.000000;0.644942;0.098536;,
  0.060090;0.682436;0.107390;,
  0.100792;0.509193;0.076730;,
  0.044073;0.508104;0.104774;,
  0.101677;0.512275;0.013253;,
  0.051591;0.602702;0.080320;,
  0.091740;0.645888;0.072937;,
  0.106571;0.655295;0.050751;,
  0.082468;0.617089;-0.010603;,
  0.099328;0.669798;-0.007986;,
  0.090430;0.606449;0.047604;,
  0.059650;0.676053;-0.049245;,
  0.054765;0.618325;-0.045676;,
  0.000000;0.676420;-0.057056;,
  0.000000;0.614697;-0.052623;,
  0.135716;0.789116;-0.001301;,
  0.186691;0.790709;0.009912;,
  0.112657;0.725006;0.006580;,
  0.233296;0.717953;0.017661;,
  0.178470;0.717671;0.009907;,
  0.239562;0.780450;0.017857;,
  0.115819;0.721493;0.076298;,
  0.178470;0.717671;0.009907;,
  0.172700;0.718342;0.087400;,
  0.224455;0.718264;0.083849;,
  0.233296;0.717953;0.017661;,
  0.124771;0.736414;0.086916;,
  0.180495;0.791240;0.087380;,
  0.123800;0.788522;0.081850;,
  0.230975;0.780220;0.084069;,
  0.134887;0.802130;0.037230;,
  0.265161;0.781769;0.012453;,
  0.324027;0.713643;0.014029;,
  0.261584;0.710401;0.013598;,
  0.324669;0.764776;0.012520;,
  0.364385;0.712888;0.017327;,
  0.373540;0.752954;0.016447;,
  0.261584;0.710401;0.013598;,
  0.322809;0.724378;0.082968;,
  0.258320;0.710975;0.087432;,
  0.324027;0.713643;0.014029;,
  0.366145;0.721490;0.069069;,
  0.364385;0.712888;0.017327;,
  0.322550;0.765216;0.080814;,
  0.261450;0.782070;0.086625;,
  0.374278;0.754119;0.065890;,
  0.093094;0.802495;0.069216;,
  0.097807;0.811898;0.036336;,
  0.063859;0.800081;0.065387;,
  0.062881;0.804065;0.036411;,
  0.102062;0.689276;0.087909;,
  0.046990;0.811159;0.041312;,
  0.091470;0.795776;0.005517;,
  0.076617;0.764705;-0.003638;,
  0.062841;0.784670;0.005522;,
  0.100142;0.761953;-0.002242;,
  0.101476;0.736285;0.092862;,
  0.060230;0.721829;0.112842;,
  0.101942;0.738613;0.091400;,
  0.000000;0.716721;0.115307;,
  0.000000;0.778370;0.101449;,
  0.076736;0.780642;0.097548;,
  0.101942;0.738613;0.091400;,
  0.092084;0.723715;0.027224;,
  0.104100;0.726392;0.073373;,
  0.112657;0.725006;0.006580;,
  0.107209;0.697740;0.045198;,
  0.100752;0.700289;0.012922;,
  0.087793;0.743301;-0.008086;,
  0.112988;0.694331;0.064883;,
  0.046904;0.832734;0.043532;,
  0.033946;0.837033;0.072792;,
  0.000000;0.809668;0.087471;,
  0.000000;0.838198;0.084494;,
  0.036952;0.826539;0.019325;,
  0.046990;0.811159;0.041312;,
  0.046904;0.832734;0.043532;,
  0.062881;0.804065;0.036411;,
  0.000000;0.789384;-0.001815;,
  0.000000;0.772669;-0.011465;,
  0.000000;0.560181;-0.054770;,
  0.000000;0.498226;-0.052187;,
  0.000000;0.505676;0.104652;,
  0.000000;0.810639;-0.007929;,
  0.000000;0.601930;0.083112;,
  0.062881;0.804065;0.036411;,
  0.104100;0.726392;0.073373;,
  0.090186;0.724844;0.042134;,
  0.092084;0.723715;0.027224;,
  0.087793;0.743301;-0.008086;,
  0.090186;0.724844;0.042134;,
  -0.065608;0.785929;0.003503;,
  -0.034602;0.776510;-0.000477;,
  -0.076095;0.764705;-0.003638;,
  -0.033146;0.798238;0.021337;,
  -0.087271;0.743301;-0.008086;,
  -0.058910;0.713937;-0.040857;,
  -0.101757;0.706663;-0.003781;,
  -0.042942;0.749044;-0.025447;,
  -0.034273;0.811693;0.079267;,
  -0.076214;0.780642;0.097548;,
  -0.047635;0.782378;0.107429;,
  -0.066675;0.802085;0.066265;,
  -0.092842;0.559999;0.055184;,
  -0.046225;0.563953;0.080514;,
  -0.086352;0.568513;0.052561;,
  -0.044406;0.554467;0.085807;,
  -0.081763;0.567528;-0.013719;,
  -0.095316;0.541546;0.007364;,
  -0.048528;0.561391;-0.049873;,
  -0.076062;0.508435;-0.028858;,
  -0.044904;0.504149;-0.039422;,
  0.000000;0.561500;0.080932;,
  -0.000000;0.550057;0.085902;,
  -0.055362;0.644721;0.093919;,
  -0.000000;0.679840;0.111793;,
  -0.060090;0.682436;0.107390;,
  0.000000;0.644942;0.098536;,
  -0.100792;0.509193;0.076730;,
  -0.044073;0.508104;0.104774;,
  -0.101677;0.512275;0.013253;,
  -0.051591;0.602702;0.080320;,
  -0.091740;0.645888;0.072937;,
  -0.106571;0.655295;0.050751;,
  -0.082468;0.617089;-0.010603;,
  -0.090430;0.606449;0.047604;,
  -0.099328;0.669798;-0.007986;,
  -0.059650;0.676053;-0.049245;,
  -0.054765;0.618325;-0.045676;,
  -0.135716;0.789116;-0.001301;,
  -0.112135;0.725006;0.006580;,
  -0.186691;0.790709;0.009912;,
  -0.233296;0.717953;0.017661;,
  -0.239562;0.780450;0.017857;,
  -0.178470;0.717671;0.009907;,
  -0.115297;0.721493;0.076298;,
  -0.172700;0.718342;0.087400;,
  -0.178470;0.717671;0.009907;,
  -0.224455;0.718264;0.083849;,
  -0.233296;0.717953;0.017661;,
  -0.124249;0.736414;0.086916;,
  -0.180495;0.791240;0.087380;,
  -0.123278;0.788522;0.081850;,
  -0.230975;0.780220;0.084069;,
  -0.134887;0.802130;0.037230;,
  -0.265161;0.781769;0.012453;,
  -0.324027;0.713643;0.014029;,
  -0.324669;0.764776;0.012520;,
  -0.261584;0.710401;0.013598;,
  -0.364385;0.712888;0.017327;,
  -0.373540;0.752954;0.016447;,
  -0.261584;0.710401;0.013598;,
  -0.322809;0.724378;0.082968;,
  -0.324027;0.713643;0.014029;,
  -0.258320;0.710975;0.087432;,
  -0.366145;0.721490;0.069069;,
  -0.364385;0.712888;0.017327;,
  -0.322550;0.765216;0.080814;,
  -0.261450;0.782070;0.086625;,
  -0.374278;0.754119;0.065890;,
  -0.092572;0.802495;0.069216;,
  -0.097285;0.811898;0.036336;,
  -0.066675;0.802085;0.066265;,
  -0.065650;0.806261;0.035886;,
  -0.102062;0.689276;0.087909;,
  -0.046990;0.811159;0.041312;,
  -0.090948;0.795776;0.005517;,
  -0.076095;0.764705;-0.003638;,
  -0.099620;0.761953;-0.002242;,
  -0.065608;0.785929;0.003503;,
  -0.100954;0.736285;0.092862;,
  -0.101420;0.738613;0.091400;,
  -0.060230;0.721829;0.112842;,
  0.000000;0.716721;0.115307;,
  0.000000;0.778370;0.101449;,
  -0.076214;0.780642;0.097548;,
  -0.101420;0.738613;0.091400;,
  -0.091563;0.723715;0.027224;,
  -0.112135;0.725006;0.006580;,
  -0.103579;0.726392;0.073373;,
  -0.107209;0.697740;0.045198;,
  -0.100752;0.700289;0.012922;,
  -0.087271;0.743301;-0.008086;,
  -0.112988;0.694331;0.064883;,
  -0.046904;0.832734;0.043532;,
  -0.033946;0.837033;0.072792;,
  0.000000;0.809668;0.087471;,
  0.000000;0.838198;0.084494;,
  -0.036952;0.826539;0.019325;,
  -0.046990;0.811159;0.041312;,
  -0.046904;0.832734;0.043532;,
  -0.065650;0.806261;0.035886;,
  0.000000;0.505676;0.104652;,
  0.000000;0.601930;0.083112;,
  -0.065650;0.806261;0.035886;,
  -0.103579;0.726392;0.073373;,
  -0.089664;0.724844;0.042134;,
  -0.091563;0.723715;0.027224;,
  -0.087271;0.743301;-0.008086;,
  -0.089664;0.724844;0.042134;,
  0.044904;0.504149;-0.039422;,
  0.000000;0.498226;-0.052187;,
  -0.044904;0.504149;-0.039422;;
  350;
  3;0,1,2;,
  3;1,0,3;,
  3;4,5,6;,
  3;5,4,7;,
  3;8,9,10;,
  3;9,8,11;,
  3;12,13,14;,
  3;13,12,15;,
  3;16,12,17;,
  3;12,16,15;,
  3;18,19,20;,
  3;19,18,16;,
  3;6,21,22;,
  3;21,6,5;,
  3;14,23,24;,
  3;23,14,13;,
  3;25,26,27;,
  3;26,25,28;,
  3;14,29,12;,
  3;29,14,30;,
  3;12,31,17;,
  3;31,12,29;,
  3;32,33,25;,
  3;34,35,36;,
  3;35,34,37;,
  3;35,38,36;,
  3;38,35,39;,
  3;40,39,41;,
  3;39,40,38;,
  3;42,43,44;,
  3;43,45,46;,
  3;45,43,47;,
  3;48,49,50;,
  3;49,51,50;,
  3;51,49,52;,
  3;53,54,55;,
  3;53,50,54;,
  3;53,48,50;,
  3;50,56,54;,
  3;56,50,51;,
  3;57,54,43;,
  3;54,47,43;,
  3;47,54,56;,
  3;58,59,60;,
  3;59,58,61;,
  3;61,62,59;,
  3;62,61,63;,
  3;64,65,66;,
  3;65,64,67;,
  3;67,68,65;,
  3;68,67,69;,
  3;66,70,71;,
  3;70,66,65;,
  3;65,72,70;,
  3;72,65,68;,
  3;71,61,58;,
  3;61,71,70;,
  3;70,63,61;,
  3;63,70,72;,
  3;56,58,47;,
  3;58,56,71;,
  3;47,60,45;,
  3;60,47,58;,
  3;51,64,66;,
  3;64,51,52;,
  3;66,56,51;,
  3;56,66,71;,
  3;73,57,74;,
  3;57,73,55;,
  3;74,75,73;,
  3;75,74,76;,
  3;33,28,25;,
  3;28,33,77;,
  3;10,78,8;,
  3;79,80,81;,
  3;80,79,82;,
  3;42,82,79;,
  3;83,11,84;,
  3;83,9,11;,
  3;83,85,9;,
  3;86,11,87;,
  3;11,86,84;,
  3;73,75,88;,
  3;55,89,53;,
  3;55,88,89;,
  3;55,73,88;,
  3;90,48,91;,
  3;48,90,92;,
  3;36,93,34;,
  3;93,36,94;,
  3;95,92,90;,
  3;7,94,36;,
  3;93,96,34;,
  3;8,97,98;,
  3;97,8,78;,
  3;98,99,8;,
  3;99,98,100;,
  3;16,17,19;,
  3;17,31,19;,
  3;101,102,2;,
  3;102,101,103;,
  3;78,10,104;,
  3;105,1,106;,
  3;1,105,2;,
  3;20,107,18;,
  3;107,20,108;,
  3;24,30,14;,
  3;30,24,109;,
  3;110,2,105;,
  3;2,110,101;,
  3;49,48,92;,
  3;44,43,46;,
  3;39,16,18;,
  3;16,39,35;,
  3;35,15,16;,
  3;15,35,37;,
  3;15,32,13;,
  3;32,15,37;,
  3;13,111,23;,
  3;111,13,32;,
  3;102,112,2;,
  3;2,112,0;,
  3;81,74,79;,
  3;74,81,76;,
  3;79,57,42;,
  3;57,79,74;,
  3;57,43,42;,
  3;54,57,55;,
  3;37,34,33;,
  3;83,113,85;,
  3;34,77,33;,
  3;77,34,96;,
  3;33,32,37;,
  3;99,11,8;,
  3;28,86,26;,
  3;86,28,84;,
  3;84,77,83;,
  3;77,84,28;,
  3;77,113,83;,
  3;113,77,96;,
  3;113,93,114;,
  3;93,113,96;,
  3;114,94,115;,
  3;94,114,93;,
  3;7,115,94;,
  3;115,7,4;,
  3;5,40,21;,
  3;40,5,38;,
  3;38,7,36;,
  3;7,38,5;,
  3;6,3,4;,
  3;3,6,1;,
  3;116,82,44;,
  3;82,116,80;,
  3;82,42,44;,
  3;53,91,48;,
  3;91,53,89;,
  3;1,22,106;,
  3;22,1,6;,
  3;27,32,25;,
  3;32,27,111;,
  3;99,87,11;,
  3;18,41,39;,
  3;41,18,107;,
  3;90,91,117;,
  3;118,119,120;,
  3;119,118,121;,
  3;122,123,124;,
  3;123,122,125;,
  3;126,127,128;,
  3;127,126,129;,
  3;130,131,132;,
  3;131,130,133;,
  3;134,130,132;,
  3;130,134,135;,
  3;136,137,134;,
  3;137,136,138;,
  3;125,21,123;,
  3;21,125,22;,
  3;133,139,131;,
  3;139,133,140;,
  3;141,142,143;,
  3;142,141,144;,
  3;133,145,146;,
  3;145,133,130;,
  3;130,147,145;,
  3;147,130,135;,
  3;148,141,149;,
  3;150,151,152;,
  3;151,150,153;,
  3;151,154,155;,
  3;154,151,153;,
  3;40,155,154;,
  3;155,40,41;,
  3;156,157,158;,
  3;158,159,160;,
  3;159,158,161;,
  3;162,163,164;,
  3;164,165,166;,
  3;165,164,163;,
  3;167,163,162;,
  3;167,168,163;,
  3;167,169,168;,
  3;163,170,165;,
  3;170,163,168;,
  3;171,158,168;,
  3;168,160,170;,
  3;160,168,158;,
  3;172,173,174;,
  3;173,172,175;,
  3;174,176,177;,
  3;176,174,173;,
  3;178,179,180;,
  3;179,178,181;,
  3;180,182,183;,
  3;182,180,179;,
  3;181,184,179;,
  3;184,181,185;,
  3;179,186,182;,
  3;186,179,184;,
  3;185,174,184;,
  3;174,185,172;,
  3;184,177,186;,
  3;177,184,174;,
  3;170,172,185;,
  3;172,170,160;,
  3;160,175,172;,
  3;175,160,159;,
  3;165,178,166;,
  3;178,165,181;,
  3;181,170,185;,
  3;170,181,165;,
  3;187,171,169;,
  3;171,187,188;,
  3;188,189,190;,
  3;189,188,187;,
  3;149,143,191;,
  3;143,149,141;,
  3;129,126,192;,
  3;193,194,195;,
  3;194,193,196;,
  3;156,193,195;,
  3;197,127,198;,
  3;197,128,127;,
  3;197,199,128;,
  3;200,128,199;,
  3;128,200,201;,
  3;187,202,189;,
  3;169,202,187;,
  3;169,203,202;,
  3;169,167,203;,
  3;204,162,205;,
  3;162,204,206;,
  3;153,207,208;,
  3;207,153,150;,
  3;209,204,205;,
  3;124,153,208;,
  3;207,150,210;,
  3;126,211,192;,
  3;211,126,212;,
  3;212,213,214;,
  3;213,212,126;,
  3;134,137,135;,
  3;135,137,147;,
  3;215,216,217;,
  3;216,215,121;,
  3;192,218,129;,
  3;105,119,121;,
  3;119,105,106;,
  3;138,107,108;,
  3;107,138,136;,
  3;140,146,219;,
  3;146,140,133;,
  3;110,121,215;,
  3;121,110,105;,
  3;164,205,162;,
  3;157,161,158;,
  3;155,134,151;,
  3;134,155,136;,
  3;151,132,152;,
  3;132,151,134;,
  3;132,148,152;,
  3;148,132,131;,
  3;131,220,148;,
  3;220,131,139;,
  3;216,121,221;,
  3;121,118,221;,
  3;196,188,190;,
  3;188,196,193;,
  3;193,171,188;,
  3;171,193,156;,
  3;171,156,158;,
  3;168,169,171;,
  3;152,149,150;,
  3;197,198,222;,
  3;150,191,210;,
  3;191,150,149;,
  3;149,152,148;,
  3;213,126,128;,
  3;143,200,199;,
  3;200,143,142;,
  3;199,191,143;,
  3;191,199,197;,
  3;191,222,210;,
  3;222,191,197;,
  3;222,207,210;,
  3;207,222,223;,
  3;223,208,207;,
  3;208,223,224;,
  3;124,224,122;,
  3;224,124,208;,
  3;123,40,154;,
  3;40,123,21;,
  3;154,124,123;,
  3;124,154,153;,
  3;125,120,119;,
  3;120,125,122;,
  3;225,195,194;,
  3;195,225,157;,
  3;195,157,156;,
  3;167,206,203;,
  3;206,167,162;,
  3;119,22,125;,
  3;22,119,106;,
  3;144,148,220;,
  3;148,144,141;,
  3;213,128,201;,
  3;41,136,155;,
  3;136,41,107;,
  3;204,226,206;,
  3;110,97,101;,
  3;97,100,98;,
  3;100,211,212;,
  3;97,211,100;,
  3;110,211,97;,
  3;215,211,110;,
  3;29,19,31;,
  3;30,19,29;,
  3;30,227,19;,
  3;109,227,30;,
  3;109,228,227;,
  3;109,229,228;,
  3;146,229,109;,
  3;146,137,229;,
  3;145,137,146;,
  3;147,137,145;,
  3;177,182,186;,
  3;182,177,176;,
  3;63,68,62;,
  3;68,63,72;;

  MeshNormals {
   230;
   -0.046748;0.654115;-0.754949;,
   0.145921;0.615918;-0.774178;,
   0.467551;0.392915;-0.791842;,
   0.141693;0.408487;-0.901699;,
   0.482423;0.200972;-0.852572;,
   0.405562;0.284698;-0.868600;,
   0.235589;0.522375;-0.819526;,
   0.921611;0.211826;-0.325212;,
   0.471161;0.571526;0.671837;,
   0.294952;0.461129;0.836877;,
   0.160110;0.929534;0.332163;,
   0.192247;0.458944;0.867416;,
   0.823879;0.416240;0.384666;,
   0.294689;0.240309;0.924884;,
   0.198814;0.423385;0.883865;,
   0.861549;0.264634;0.433247;,
   0.875597;0.059482;-0.479365;,
   0.942368;0.217823;-0.253961;,
   0.415207;-0.019316;-0.909522;,
   0.561091;-0.624681;-0.543093;,
   0.249290;-0.033951;-0.967834;,
   0.000000;0.340522;-0.940237;,
   0.000000;0.571972;-0.820273;,
   0.000000;0.221807;0.975091;,
   0.000000;0.411604;0.911363;,
   0.276094;-0.346100;0.896653;,
   0.000000;-0.236969;0.971517;,
   0.000000;-0.338133;0.941098;,
   0.273055;-0.242646;0.930894;,
   0.699924;-0.474285;0.534004;,
   0.174583;-0.487833;0.855301;,
   0.796610;-0.578192;-0.176372;,
   0.348745;-0.203657;0.914823;,
   0.686898;-0.359125;0.631823;,
   0.967076;-0.238698;0.088252;,
   0.892387;-0.137512;-0.429809;,
   0.896456;-0.086374;-0.434634;,
   0.927169;-0.231667;0.294429;,
   0.449513;0.026466;-0.892881;,
   0.474585;-0.050662;-0.878751;,
   0.000000;0.066840;-0.997764;,
   0.000000;-0.008273;-0.999966;,
   0.141608;0.464728;-0.874057;,
   0.217982;0.679719;-0.700333;,
   -0.058526;-0.747959;-0.661160;,
   -0.100638;-0.703752;-0.703281;,
   0.036264;-0.711112;-0.702143;,
   0.031895;0.720465;-0.692757;,
   -0.112992;-0.880704;0.459993;,
   0.036264;-0.711112;-0.702143;,
   -0.023062;-0.688281;0.725078;,
   -0.085998;-0.697815;0.711097;,
   -0.100638;-0.703752;-0.703281;,
   0.006881;-0.123926;0.992268;,
   0.096075;0.676167;0.730457;,
   0.111827;0.582461;0.805130;,
   0.045384;0.687334;0.724922;,
   0.145623;0.988577;-0.038848;,
   0.028222;0.714683;-0.698879;,
   0.069649;-0.738741;-0.670381;,
   -0.085244;-0.736455;-0.671095;,
   0.196016;0.658410;-0.726688;,
   0.503385;-0.696676;-0.511122;,
   0.710786;0.421509;-0.563128;,
   -0.085244;-0.736455;-0.671095;,
   0.175497;-0.588792;0.789002;,
   -0.045162;-0.713126;0.699579;,
   0.069649;-0.738741;-0.670381;,
   0.580341;-0.598375;0.552406;,
   0.503385;-0.696676;-0.511122;,
   0.287218;0.656628;0.697385;,
   0.066659;0.724420;0.686129;,
   0.767311;0.460535;0.446252;,
   0.070448;0.843927;0.531812;,
   0.020113;0.996279;-0.083812;,
   0.160110;0.929534;0.332163;,
   0.028547;0.969332;-0.244091;,
   0.736268;-0.191930;0.648901;,
   0.799238;0.560908;-0.215872;,
   -0.074404;0.676513;-0.732662;,
   0.141693;0.408487;-0.901699;,
   -0.046748;0.654115;-0.754949;,
   0.134672;0.063484;-0.988855;,
   0.710795;0.021306;0.703077;,
   0.229637;0.009303;0.973232;,
   0.462263;-0.015127;0.886614;,
   0.000000;0.009997;0.999950;,
   0.000000;0.278170;0.960532;,
   0.294952;0.461129;0.836877;,
   0.462263;-0.015127;0.886614;,
   0.846548;-0.521544;-0.106525;,
   0.717594;-0.609779;0.336494;,
   -0.058526;-0.747959;-0.661160;,
   0.950571;0.218630;-0.220491;,
   0.984926;0.171031;-0.025859;,
   0.482423;0.200972;-0.852572;,
   0.999163;0.027505;0.030270;,
   0.769147;0.623435;-0.140505;,
   0.555220;0.722755;0.411529;,
   -0.000000;0.395264;0.918568;,
   0.000000;0.778116;0.628121;,
   0.581706;0.555446;-0.594221;,
   0.799238;0.560908;-0.215872;,
   0.769147;0.623435;-0.140505;,
   0.028547;0.969332;-0.244091;,
   0.000000;0.349485;-0.936942;,
   0.000000;0.651197;-0.758908;,
   0.000000;-0.032909;-0.999458;,
   0.000229;-0.164036;-0.986454;,
   0.000000;-0.543887;0.839158;,
   0.000000;0.327600;-0.944817;,
   0.000000;-0.178090;0.984014;,
   0.028547;0.969332;-0.244091;,
   0.717594;-0.609779;0.336494;,
   0.861368;-0.492361;-0.125001;,
   0.846548;-0.521544;-0.106525;,
   0.482423;0.200972;-0.852572;,
   0.861368;-0.492361;-0.125001;,
   0.059186;0.622920;-0.780043;,
   -0.129713;0.603621;-0.786649;,
   -0.151965;0.399595;-0.904008;,
   -0.437891;0.395612;-0.807306;,
   -0.483620;0.205345;-0.850850;,
   -0.406206;0.286001;-0.867871;,
   -0.921475;0.217536;-0.321812;,
   -0.236778;0.523306;-0.818588;,
   -0.451716;0.578995;0.678762;,
   -0.299289;0.448097;0.842398;,
   -0.181794;0.449162;0.874759;,
   -0.136839;0.928219;0.345953;,
   -0.823879;0.416240;0.384666;,
   -0.294689;0.240309;0.924884;,
   -0.861549;0.264634;0.433247;,
   -0.198814;0.423385;0.883865;,
   -0.875597;0.059482;-0.479365;,
   -0.942368;0.217823;-0.253961;,
   -0.415207;-0.019316;-0.909522;,
   -0.561091;-0.624681;-0.543093;,
   -0.249439;-0.033570;-0.967809;,
   0.000000;0.221807;0.975091;,
   0.000000;0.411604;0.911363;,
   -0.276094;-0.346100;0.896653;,
   0.000000;-0.236969;0.971517;,
   -0.273552;-0.242002;0.930916;,
   0.000000;-0.338133;0.941098;,
   -0.699924;-0.474285;0.534004;,
   -0.174583;-0.487833;0.855301;,
   -0.796610;-0.578192;-0.176372;,
   -0.348745;-0.203657;0.914823;,
   -0.686898;-0.359125;0.631823;,
   -0.967076;-0.238698;0.088252;,
   -0.892387;-0.137512;-0.429809;,
   -0.927169;-0.231667;0.294429;,
   -0.896456;-0.086374;-0.434634;,
   -0.449513;0.026466;-0.892881;,
   -0.474585;-0.050662;-0.878751;,
   -0.141782;0.464231;-0.874293;,
   0.058564;-0.748269;-0.660805;,
   -0.217815;0.679670;-0.700433;,
   0.100638;-0.703752;-0.703281;,
   -0.031895;0.720465;-0.692757;,
   -0.036439;-0.710990;-0.702257;,
   0.112669;-0.880649;0.460177;,
   0.022650;-0.688448;0.724932;,
   -0.036439;-0.710990;-0.702257;,
   0.085998;-0.697815;0.711097;,
   0.100638;-0.703752;-0.703281;,
   -0.007225;-0.123973;0.992259;,
   -0.096394;0.676209;0.730376;,
   -0.112317;0.582208;0.805244;,
   -0.045384;0.687334;0.724922;,
   -0.144111;0.988803;-0.038740;,
   -0.028222;0.714683;-0.698879;,
   -0.069649;-0.738741;-0.670381;,
   -0.196016;0.658410;-0.726688;,
   0.085244;-0.736455;-0.671095;,
   -0.503385;-0.696676;-0.511122;,
   -0.710786;0.421509;-0.563128;,
   0.085244;-0.736455;-0.671095;,
   -0.175497;-0.588792;0.789002;,
   -0.069649;-0.738741;-0.670381;,
   0.045162;-0.713126;0.699579;,
   -0.580341;-0.598375;0.552406;,
   -0.503385;-0.696676;-0.511122;,
   -0.287217;0.656628;0.697385;,
   -0.066659;0.724420;0.686129;,
   -0.767311;0.460535;0.446252;,
   -0.096654;0.838548;0.536187;,
   -0.040954;0.995668;-0.083474;,
   -0.136839;0.928219;0.345953;,
   0.011464;0.973546;-0.228205;,
   -0.738005;-0.187821;0.648130;,
   -0.744180;0.629864;-0.222412;,
   0.049554;0.676832;-0.734468;,
   -0.151965;0.399595;-0.904008;,
   -0.143621;0.059271;-0.987856;,
   0.059186;0.622920;-0.780043;,
   -0.711815;0.024932;0.701925;,
   -0.463837;-0.014553;0.885801;,
   -0.231273;0.010396;0.972833;,
   0.000000;0.009997;0.999950;,
   0.000000;0.278170;0.960532;,
   -0.299289;0.448097;0.842398;,
   -0.463837;-0.014553;0.885801;,
   -0.851689;-0.513627;-0.103987;,
   0.058564;-0.748269;-0.660805;,
   -0.722404;-0.602956;0.338491;,
   -0.948974;0.226044;-0.219890;,
   -0.983732;0.178060;-0.023794;,
   -0.483620;0.205345;-0.850850;,
   -0.998946;0.034225;0.030586;,
   -0.769147;0.623435;-0.140505;,
   -0.555220;0.722755;0.411529;,
   -0.000000;0.395264;0.918568;,
   0.000000;0.778116;0.628121;,
   -0.581706;0.555446;-0.594221;,
   -0.744180;0.629864;-0.222412;,
   -0.769147;0.623435;-0.140505;,
   0.011464;0.973546;-0.228205;,
   0.000000;-0.543887;0.839158;,
   0.000000;-0.178090;0.984014;,
   0.011464;0.973546;-0.228205;,
   -0.722404;-0.602956;0.338491;,
   -0.864912;-0.486267;-0.124382;,
   -0.851689;-0.513627;-0.103987;,
   -0.483620;0.205345;-0.850850;,
   -0.864912;-0.486267;-0.124382;,
   0.000000;-0.999757;0.022025;,
   0.000000;-0.999757;0.022025;,
   0.000000;-0.999757;0.022025;;
   350;
   3;0,1,2;,
   3;1,0,3;,
   3;4,5,6;,
   3;5,4,7;,
   3;8,9,10;,
   3;9,8,11;,
   3;12,13,14;,
   3;13,12,15;,
   3;16,12,17;,
   3;12,16,15;,
   3;18,19,20;,
   3;19,18,16;,
   3;6,21,22;,
   3;21,6,5;,
   3;14,23,24;,
   3;23,14,13;,
   3;25,26,27;,
   3;26,25,28;,
   3;14,29,12;,
   3;29,14,30;,
   3;12,31,17;,
   3;31,12,29;,
   3;32,33,25;,
   3;34,35,36;,
   3;35,34,37;,
   3;35,38,36;,
   3;38,35,39;,
   3;40,39,41;,
   3;39,40,38;,
   3;42,43,44;,
   3;43,45,46;,
   3;45,43,47;,
   3;48,49,50;,
   3;49,51,50;,
   3;51,49,52;,
   3;53,54,55;,
   3;53,50,54;,
   3;53,48,50;,
   3;50,56,54;,
   3;56,50,51;,
   3;57,54,43;,
   3;54,47,43;,
   3;47,54,56;,
   3;58,59,60;,
   3;59,58,61;,
   3;61,62,59;,
   3;62,61,63;,
   3;64,65,66;,
   3;65,64,67;,
   3;67,68,65;,
   3;68,67,69;,
   3;66,70,71;,
   3;70,66,65;,
   3;65,72,70;,
   3;72,65,68;,
   3;71,61,58;,
   3;61,71,70;,
   3;70,63,61;,
   3;63,70,72;,
   3;56,58,47;,
   3;58,56,71;,
   3;47,60,45;,
   3;60,47,58;,
   3;51,64,66;,
   3;64,51,52;,
   3;66,56,51;,
   3;56,66,71;,
   3;73,57,74;,
   3;57,73,55;,
   3;74,75,73;,
   3;75,74,76;,
   3;33,28,25;,
   3;28,33,77;,
   3;10,78,8;,
   3;79,80,81;,
   3;80,79,82;,
   3;42,82,79;,
   3;83,11,84;,
   3;83,9,11;,
   3;83,85,9;,
   3;86,11,87;,
   3;11,86,84;,
   3;73,75,88;,
   3;55,89,53;,
   3;55,88,89;,
   3;55,73,88;,
   3;90,48,91;,
   3;48,90,92;,
   3;36,93,34;,
   3;93,36,94;,
   3;95,92,90;,
   3;7,94,36;,
   3;93,96,34;,
   3;8,97,98;,
   3;97,8,78;,
   3;98,99,8;,
   3;99,98,100;,
   3;16,17,19;,
   3;17,31,19;,
   3;101,102,2;,
   3;102,101,103;,
   3;78,10,104;,
   3;105,1,106;,
   3;1,105,2;,
   3;20,107,18;,
   3;107,20,108;,
   3;24,30,14;,
   3;30,24,109;,
   3;110,2,105;,
   3;2,110,101;,
   3;49,48,92;,
   3;44,43,46;,
   3;39,16,18;,
   3;16,39,35;,
   3;35,15,16;,
   3;15,35,37;,
   3;15,32,13;,
   3;32,15,37;,
   3;13,111,23;,
   3;111,13,32;,
   3;102,112,2;,
   3;2,112,0;,
   3;81,74,79;,
   3;74,81,76;,
   3;79,57,42;,
   3;57,79,74;,
   3;57,43,42;,
   3;54,57,55;,
   3;37,34,33;,
   3;83,113,85;,
   3;34,77,33;,
   3;77,34,96;,
   3;33,32,37;,
   3;99,11,8;,
   3;28,86,26;,
   3;86,28,84;,
   3;84,77,83;,
   3;77,84,28;,
   3;77,113,83;,
   3;113,77,96;,
   3;113,93,114;,
   3;93,113,96;,
   3;114,94,115;,
   3;94,114,93;,
   3;7,115,94;,
   3;115,7,4;,
   3;5,40,21;,
   3;40,5,38;,
   3;38,7,36;,
   3;7,38,5;,
   3;6,3,4;,
   3;3,6,1;,
   3;116,82,44;,
   3;82,116,80;,
   3;82,42,44;,
   3;53,91,48;,
   3;91,53,89;,
   3;1,22,106;,
   3;22,1,6;,
   3;27,32,25;,
   3;32,27,111;,
   3;99,87,11;,
   3;18,41,39;,
   3;41,18,107;,
   3;90,91,117;,
   3;118,119,120;,
   3;119,118,121;,
   3;122,123,124;,
   3;123,122,125;,
   3;126,127,128;,
   3;127,126,129;,
   3;130,131,132;,
   3;131,130,133;,
   3;134,130,132;,
   3;130,134,135;,
   3;136,137,134;,
   3;137,136,138;,
   3;125,21,123;,
   3;21,125,22;,
   3;133,139,131;,
   3;139,133,140;,
   3;141,142,143;,
   3;142,141,144;,
   3;133,145,146;,
   3;145,133,130;,
   3;130,147,145;,
   3;147,130,135;,
   3;148,141,149;,
   3;150,151,152;,
   3;151,150,153;,
   3;151,154,155;,
   3;154,151,153;,
   3;40,155,154;,
   3;155,40,41;,
   3;156,157,158;,
   3;158,159,160;,
   3;159,158,161;,
   3;162,163,164;,
   3;164,165,166;,
   3;165,164,163;,
   3;167,163,162;,
   3;167,168,163;,
   3;167,169,168;,
   3;163,170,165;,
   3;170,163,168;,
   3;171,158,168;,
   3;168,160,170;,
   3;160,168,158;,
   3;172,173,174;,
   3;173,172,175;,
   3;174,176,177;,
   3;176,174,173;,
   3;178,179,180;,
   3;179,178,181;,
   3;180,182,183;,
   3;182,180,179;,
   3;181,184,179;,
   3;184,181,185;,
   3;179,186,182;,
   3;186,179,184;,
   3;185,174,184;,
   3;174,185,172;,
   3;184,177,186;,
   3;177,184,174;,
   3;170,172,185;,
   3;172,170,160;,
   3;160,175,172;,
   3;175,160,159;,
   3;165,178,166;,
   3;178,165,181;,
   3;181,170,185;,
   3;170,181,165;,
   3;187,171,169;,
   3;171,187,188;,
   3;188,189,190;,
   3;189,188,187;,
   3;149,143,191;,
   3;143,149,141;,
   3;129,126,192;,
   3;193,194,195;,
   3;194,193,196;,
   3;156,193,195;,
   3;197,127,198;,
   3;197,128,127;,
   3;197,199,128;,
   3;200,128,199;,
   3;128,200,201;,
   3;187,202,189;,
   3;169,202,187;,
   3;169,203,202;,
   3;169,167,203;,
   3;204,162,205;,
   3;162,204,206;,
   3;153,207,208;,
   3;207,153,150;,
   3;209,204,205;,
   3;124,153,208;,
   3;207,150,210;,
   3;126,211,192;,
   3;211,126,212;,
   3;212,213,214;,
   3;213,212,126;,
   3;134,137,135;,
   3;135,137,147;,
   3;215,216,217;,
   3;216,215,121;,
   3;192,218,129;,
   3;105,119,121;,
   3;119,105,106;,
   3;138,107,108;,
   3;107,138,136;,
   3;140,146,219;,
   3;146,140,133;,
   3;110,121,215;,
   3;121,110,105;,
   3;164,205,162;,
   3;157,161,158;,
   3;155,134,151;,
   3;134,155,136;,
   3;151,132,152;,
   3;132,151,134;,
   3;132,148,152;,
   3;148,132,131;,
   3;131,220,148;,
   3;220,131,139;,
   3;216,121,221;,
   3;121,118,221;,
   3;196,188,190;,
   3;188,196,193;,
   3;193,171,188;,
   3;171,193,156;,
   3;171,156,158;,
   3;168,169,171;,
   3;152,149,150;,
   3;197,198,222;,
