xof 0303txt 0032
template ColorRGBA {
 <35ff44e0-6c7c-11cf-8f52-0040333594a3>
 FLOAT red;
 FLOAT green;
 FLOAT blue;
 FLOAT alpha;
}

template ColorRGB {
 <d3e16e81-7835-11cf-8f52-0040333594a3>
 FLOAT red;
 FLOAT green;
 FLOAT blue;
}

template Material {
 <3d82ab4d-62da-11cf-ab39-0020af71e433>
 ColorRGBA faceColor;
 FLOAT power;
 ColorRGB specularColor;
 ColorRGB emissiveColor;
 [...]
}

template TextureFilename {
 <a42790e1-7810-11cf-8f52-0040333594a3>
 STRING filename;
}

template Frame {
 <3d82ab46-62da-11cf-ab39-0020af71e433>
 [...]
}

template Matrix4x4 {
 <f6f23f45-7686-11cf-8f52-0040333594a3>
 array FLOAT matrix[16];
}

template FrameTransformMatrix {
 <f6f23f41-7686-11cf-8f52-0040333594a3>
 Matrix4x4 frameMatrix;
}

template Vector {
 <3d82ab5e-62da-11cf-ab39-0020af71e433>
 FLOAT x;
 FLOAT y;
 FLOAT z;
}

template MeshFace {
 <3d82ab5f-62da-11cf-ab39-0020af71e433>
 DWORD nFaceVertexIndices;
 array DWORD faceVertexIndices[nFaceVertexIndices];
}

template Mesh {
 <3d82ab44-62da-11cf-ab39-0020af71e433>
 DWORD nVertices;
 array Vector vertices[nVertices];
 DWORD nFaces;
 array MeshFace faces[nFaces];
 [...]
}

template MeshNormals {
 <f6f23f43-7686-11cf-8f52-0040333594a3>
 DWORD nNormals;
 array Vector normals[nNormals];
 DWORD nFaceNormals;
 array MeshFace faceNormals[nFaceNormals];
}

template MeshMaterialList {
 <f6f23f42-7686-11cf-8f52-0040333594a3>
 DWORD nMaterials;
 DWORD nFaceIndexes;
 array DWORD faceIndexes[nFaceIndexes];
 [Material <3d82ab4d-62da-11cf-ab39-0020af71e433>]
}

template Coords2d {
 <f6f23f44-7686-11cf-8f52-0040333594a3>
 FLOAT u;
 FLOAT v;
}

template MeshTextureCoords {
 <f6f23f40-7686-11cf-8f52-0040333594a3>
 DWORD nTextureCoords;
 array Coords2d textureCoords[nTextureCoords];
}

template XSkinMeshHeader {
 <3cf169ce-ff7c-44ab-93c0-f78f62d172e2>
 WORD nMaxSkinWeightsPerVertex;
 WORD nMaxSkinWeightsPerFace;
 WORD nBones;
}

template SkinWeights {
 <6f0d123b-bad2-4167-a0d0-80224f25fabb>
 STRING transformNodeName;
 DWORD nWeights;
 array DWORD vertexIndices[nWeights];
 array FLOAT weights[nWeights];
 Matrix4x4 matrixOffset;
}

template AnimTicksPerSecond {
 <9e415a43-7ba6-4a73-8743-b73d47e88476>
 DWORD AnimTicksPerSecond;
}

template Animation {
 <3d82ab4f-62da-11cf-ab39-0020af71e433>
 [...]
}

template AnimationSet {
 <3d82ab50-62da-11cf-ab39-0020af71e433>
 [Animation <3d82ab4f-62da-11cf-ab39-0020af71e433>]
}

template FloatKeys {
 <10dd46a9-775b-11cf-8f52-0040333594a3>
 DWORD nValues;
 array FLOAT values[nValues];
}

template TimedFloatKeys {
 <f406b180-7b3b-11cf-8f52-0040333594a3>
 DWORD time;
 FloatKeys tfkeys;
}

template AnimationKey {
 <10dd46a8-775b-11cf-8f52-0040333594a3>
 DWORD keyType;
 DWORD nKeys;
 array TimedFloatKeys keys[nKeys];
}


Material _17_-_Default {
 1.000000;1.000000;1.000000;1.000000;;
 9.999999;
 0.000000;0.000000;0.000000;;
 0.000000;0.000000;0.000000;;

 TextureFilename {
  "ALICEpack.png";
 }
}

Frame Dummy01 {
 

 FrameTransformMatrix {
  1.000000,0.000000,0.000000,0.000000,0.000000,-0.000000,-1.000000,0.000000,0.000000,1.000000,-0.000000,0.000000,0.000000,0.000000,0.000000,1.000000;;
 }

 Frame Bip01 {
  

  FrameTransformMatrix {
   -0.087155,0.982405,-0.165183,0.000000,-0.000001,0.165814,0.986157,0.000000,0.996195,0.085949,-0.014450,0.000000,-0.010000,-0.012284,0.490453,1.000000;;
  }

  Frame Bip01_Pelvis {
   

   FrameTransformMatrix {
    0.000000,1.000000,-0.000001,0.000000,-0.000001,0.000001,1.000000,0.000000,1.000000,0.000000,0.000001,0.000000,0.000000,0.000000,0.000000,1.000000;;
   }

   Frame Bip01_Spine {
    

    FrameTransformMatrix {
     0.984686,0.000002,-0.174337,0.000000,-0.000001,1.000000,0.000004,0.000000,0.174337,-0.000004,0.984686,0.000000,0.051619,0.000000,-0.000083,1.000000;;
    }

    Frame Bip01_Spine1 {
     

     FrameTransformMatrix {
      0.997819,0.052687,0.039774,0.000000,-0.044862,0.983198,-0.176942,0.000000,-0.048428,0.174771,0.983417,0.000000,0.106484,-0.000015,-0.000083,1.000000;;
     }

     Frame Bip01_Neck {
      

      FrameTransformMatrix {
       0.966067,-0.020835,0.257451,0.000000,0.025191,0.999590,-0.013632,0.000000,-0.257061,0.019655,0.966195,0.000000,0.130511,-0.000001,0.004626,1.000000;;
      }

      Frame Bip01_Head {
       

       FrameTransformMatrix {
        0.989321,-0.051753,-0.136255,0.000000,0.064251,0.993958,0.088989,0.000000,0.130826,-0.096793,0.986669,0.000000,0.033674,-0.000000,0.000000,1.000000;;
       }

       Frame Bip01_HeadNub {
        

        FrameTransformMatrix {
         1.000000,-0.000000,-0.000000,0.000000,-0.000000,1.000000,0.000000,0.000000,0.000000,-0.000000,1.000000,0.000000,0.169824,0.000000,-0.000000,1.000000;;
        }
       }
      }

      Frame Bip01_L_Clavicle {
       

       FrameTransformMatrix {
        -0.205975,0.976135,0.068811,0.000000,0.943873,0.216738,-0.249254,0.000000,-0.258220,0.013609,-0.965990,0.000000,-0.024734,0.015166,0.002017,1.000000;;
       }

       Frame Bip01_L_UpperArm {
        

        FrameTransformMatrix {
         0.385871,-0.777669,0.496320,0.000000,0.922466,0.332598,-0.196046,0.000000,-0.012616,0.533487,0.845714,0.000000,0.073469,0.000000,-0.000000,1.000000;;
        }

        Frame Bip01_L_Forearm {
         

         FrameTransformMatrix {
          0.943939,0.000000,-0.330119,0.000000,0.000000,1.000000,-0.000000,0.000000,0.330119,-0.000000,0.943939,0.000000,0.148340,0.000000,-0.000000,1.000000;;
         }

         Frame Bip01_L_Hand {
          

          FrameTransformMatrix {
           1.000000,-0.000000,0.000000,0.000000,0.000000,0.000796,1.000000,0.000000,0.000000,-1.000000,0.000796,0.000000,0.131860,-0.000000,0.000000,1.000000;;
          }

          Frame Bip01_L_Finger0 {
           

           FrameTransformMatrix {
            0.690342,-0.181727,0.700288,0.000000,0.558537,0.749101,-0.356210,0.000000,-0.459853,0.637043,0.618637,0.000000,0.057681,-0.023605,-0.000272,1.000000;;
           }

           Frame Bip01_L_Finger0Nub {
            

            FrameTransformMatrix {
             1.000000,0.000000,0.000000,0.000000,0.000000,1.000000,0.000000,0.000000,-0.000000,0.000000,1.000000,0.000000,0.029435,0.000000,0.000000,1.000000;;
            }
           }
          }

          Frame Bip01_L_Finger1 {
           

           FrameTransformMatrix {
            0.728079,-0.000546,0.685493,0.000000,0.000000,1.000000,0.000796,0.000000,-0.685493,-0.000580,0.728079,0.000000,0.084102,0.000000,0.000000,1.000000;;
           }

           Frame Bip01_L_Finger1Nub {
            

            FrameTransformMatrix {
             1.000000,0.000000,0.000000,0.000000,-0.000000,1.000000,0.000000,0.000000,-0.000000,0.000000,1.000000,0.000000,0.047988,-0.000000,0.000000,1.000000;;
            }
           }
          }
         }
        }
       }
      }

      Frame Bip01_R_Clavicle {
       

       FrameTransformMatrix {
        -0.028509,-0.999573,-0.006461,0.000000,-0.965665,0.025871,0.258498,0.000000,-0.258220,0.013609,-0.965990,0.000000,-0.024080,-0.016250,0.001399,1.000000;;
       }

       Frame Bip01_R_UpperArm {
        

        FrameTransformMatrix {
         0.221390,0.975047,0.016433,0.000000,-0.974986,0.221654,-0.016512,0.000000,-0.019742,-0.012366,0.999728,0.000000,0.073469,0.000000,-0.000000,1.000000;;
        }

        Frame Bip01_R_Forearm {
         

         FrameTransformMatrix {
          0.915660,-0.000000,-0.401954,0.000000,-0.000000,1.000000,-0.000000,0.000000,0.401954,-0.000000,0.915660,0.000000,0.148340,0.000000,-0.000000,1.000000;;
         }

         Frame Bip01_R_Hand {
          

          FrameTransformMatrix {
           0.975195,-0.000000,-0.221346,0.000000,-0.221346,0.000796,-0.975195,0.000000,0.000176,1.000000,0.000777,0.000000,0.131860,0.000000,0.000000,1.000000;;
          }

          Frame Bip01_R_Finger0 {
           

           FrameTransformMatrix {
            0.417774,-0.116941,0.900994,0.000000,-0.558537,0.749101,0.356210,0.000000,-0.716591,-0.652054,0.247639,0.000000,0.057681,0.023605,-0.000272,1.000000;;
           }

           Frame Bip01_R_Finger0Nub {
            

            FrameTransformMatrix {
             -1.000000,0.000000,0.000000,0.000000,0.000000,1.000000,-0.000000,0.000000,0.000000,0.000000,-1.000000,0.000000,0.029435,0.000000,-0.000000,1.000000;;
            }
           }
          }

          Frame Bip01_R_Finger1 {
           

           FrameTransformMatrix {
            0.352436,0.000745,0.935835,0.000000,-0.000000,1.000000,-0.000796,0.000000,-0.935836,0.000281,0.352436,0.000000,0.084102,-0.000000,0.000000,1.000000;;
           }

           Frame Bip01_R_Finger1Nub {
            

            FrameTransformMatrix {
             -1.000000,0.000000,0.000000,0.000000,0.000000,1.000000,-0.000000,0.000000,-0.000000,0.000000,-1.000000,0.000000,0.047988,0.000000,-0.000000,1.000000;;
            }
           }
          }
         }
        }
       }
      }
     }

     Frame Bip01_BackPack {
      

      FrameTransformMatrix {
       0.180560,0.080500,-0.980264,0.000000,0.047560,0.994764,0.090451,0.000000,0.982413,-0.062954,0.175786,0.000000,0.063697,0.000003,-0.088856,1.000000;;
      }

      Frame Bip01_BackPackNub {
       

       FrameTransformMatrix {
        0.000796,0.000003,1.000000,0.000000,0.000000,-1.000000,0.000003,0.000000,1.000000,-0.000000,-0.000796,0.000000,0.053240,0.000000,0.000000,1.000000;;
       }
      }
     }
    }

    Frame Bip01_L_Thigh {
     

     FrameTransformMatrix {
      -0.888504,0.030427,0.457858,0.000000,-0.032107,-0.999476,0.004114,0.000000,0.457744,-0.011045,0.889016,0.000000,-0.050843,0.055225,-0.008917,1.000000;;
     }

     Frame Bip01_L_Calf {
      

      FrameTransformMatrix {
       0.942235,-0.000000,-0.334952,0.000000,-0.000000,1.000000,-0.000000,0.000000,0.334952,-0.000000,0.942235,0.000000,0.237500,0.000000,-0.000000,1.000000;;
      }

      Frame Bip01_L_Foot {
       

       FrameTransformMatrix {
        0.924325,-0.026487,0.380687,0.000000,-0.068962,0.969570,0.234901,0.000000,-0.375325,-0.243378,0.894371,0.000000,0.206841,0.000000,0.000000,1.000000;;
       }

       Frame Bip01_L_Toe0 {
        

        FrameTransformMatrix {
         0.000000,0.000000,1.000000,0.000000,0.000000,1.000000,-0.000000,0.000000,-1.000000,0.000000,0.000000,0.000000,0.065373,0.000000,0.066450,1.000000;;
        }

        Frame Bip01_L_Toe0Nub {
         

         FrameTransformMatrix {
          -1.000000,0.000000,0.000000,0.000000,0.000000,1.000000,0.000000,0.000000,0.000000,0.000000,-1.000000,0.000000,0.006735,-0.000000,0.000000,1.000000;;
         }
        }
       }
      }
     }
    }

    Frame Bip01_R_Thigh {
     

     FrameTransformMatrix {
      -0.996965,0.030321,-0.071704,0.000000,-0.029454,-0.999480,-0.013113,0.000000,-0.072065,-0.010961,0.997340,0.000000,-0.050843,-0.055225,-0.008917,1.000000;;
     }

     Frame Bip01_R_Calf {
      

      FrameTransformMatrix {
       0.730239,0.000000,-0.683192,0.000000,0.000000,1.000000,0.000000,0.000000,0.683192,0.000000,0.730239,0.000000,0.237500,0.000000,0.000000,1.000000;;
      }

      Frame Bip01_R_Foot {
       

       FrameTransformMatrix {
        0.991957,0.087165,-0.091782,0.000000,-0.093276,0.993546,-0.064539,0.000000,0.085565,0.072581,0.993685,0.000000,0.206841,0.000000,0.000000,1.000000;;
       }

       Frame Bip01_R_Toe0 {
        

        FrameTransformMatrix {
         0.000000,0.000000,1.000000,0.000000,0.000000,1.000000,-0.000000,0.000000,-1.000000,0.000000,0.000000,0.000000,0.065373,0.000000,0.066450,1.000000;;
        }

        Frame Bip01_R_Toe0Nub {
         

         FrameTransformMatrix {
          1.000000,0.000000,0.000000,0.000000,0.000000,1.000000,-0.000000,0.000000,-0.000000,-0.000000,1.000000,0.000000,0.006735,-0.000000,0.000000,1.000000;;
         }
        }
       }
      }
     }
    }
   }

   Frame Bip01_DressFront {
    

    FrameTransformMatrix {
     -0.880185,-0.088339,0.466338,0.000000,0.121847,0.907542,0.401896,0.000000,-0.458725,0.410564,-0.788041,0.000000,-0.043935,0.001339,0.061057,1.000000;;
    }

    Frame Bip01_DressFront02 {
     

     FrameTransformMatrix {
      0.912593,0.000001,0.408870,0.000000,-0.000001,1.000000,-0.000000,0.000000,-0.408870,-0.000000,0.912593,0.000000,0.183378,-0.000000,-0.000120,1.000000;;
     }

     Frame Bip01_DressFrontNub {
      

      FrameTransformMatrix {
       0.000796,0.000003,1.000000,0.000000,0.000000,-1.000000,0.000003,0.000000,1.000000,0.000000,-0.000796,0.000000,0.165302,0.000000,0.000000,1.000000;;
      }
     }
    }
   }

   Frame Bip01_DressBack {
    

    FrameTransformMatrix {
     -0.886023,0.038029,0.462080,0.000000,0.191625,0.937561,0.290274,0.000000,-0.422190,0.345735,-0.837988,0.000000,-0.047673,-0.000048,-0.078302,1.000000;;
    }

    Frame Bip01_DressBack02 {
     

     FrameTransformMatrix {
      0.936852,0.174932,-0.302833,0.000000,-0.166408,0.984581,0.053939,0.000000,0.307600,-0.000139,0.951516,0.000000,0.176125,0.000000,-0.000103,1.000000;;
     }

     Frame Bip01_DressBackNub {
      

      FrameTransformMatrix {
       0.000796,0.000003,1.000000,0.000000,0.000000,-1.000000,0.000003,0.000000,1.000000,0.000000,-0.000796,0.000000,0.136508,0.000000,0.000000,1.000000;;
      }
     }
    }
   }
  }

  Frame Bip01_Prop1 {
   

   FrameTransformMatrix {
    -0.233929,-0.108090,0.966227,0.000000,0.687222,0.684611,0.242967,0.000000,-0.687752,0.720849,-0.085868,0.000000,0.072994,-0.055506,-0.134034,1.000000;;
   }
  }

  Frame Bip01_Prop2 {
   

   FrameTransformMatrix {
    -0.163643,-0.967062,0.194966,0.000000,0.985576,-0.168906,-0.010564,0.000000,0.043147,0.190425,0.980753,0.000000,-0.140709,-0.103585,0.102365,1.000000;;
   }
  }
 }
}

Frame Translation_Data {
 

 FrameTransformMatrix {
  1.000000,0.000000,0.000000,0.000000,0.000000,-0.000000,-1.000000,0.000000,0.000000,1.000000,-0.000000,0.000000,0.000000,0.000000,0.000000,1.000000;;
 }
}

Frame F_ALICE_Pack {
 

 FrameTransformMatrix {
  1.000000,0.000000,0.000000,0.000000,0.000000,1.000000,0.000000,0.000000,0.000000,0.000000,1.000000,0.000000,0.000000,0.000000,0.000000,1.000000;;
 }

 Mesh F_ALICE_Pack {
  318;
  0.050355;0.592817;0.194672;,
  -0.046970;0.586744;0.140370;,
  0.041076;0.586744;0.140370;,
  -0.047902;0.592610;0.195921;,
  -0.110384;0.600928;0.145730;,
  -0.110017;0.598987;0.107162;,
  0.096290;0.810862;0.166602;,
  0.044832;0.843807;0.143499;,
  0.046351;0.804906;0.202538;,
  0.092079;0.834842;0.135547;,
  -0.041671;0.843807;0.143499;,
  -0.043340;0.804906;0.202538;,
  -0.089520;0.810761;0.167208;,
  -0.085460;0.834842;0.135547;,
  0.000708;0.594078;0.234626;,
  -0.039634;0.704976;0.241782;,
  -0.039634;0.595889;0.223703;,
  0.001088;0.703166;0.252706;,
  -0.121426;0.609372;0.170496;,
  -0.105411;0.709725;0.219453;,
  -0.121426;0.712899;0.187654;,
  -0.104178;0.604037;0.202682;,
  -0.110384;0.600928;0.145730;,
  -0.110017;0.729345;0.116870;,
  -0.110017;0.598987;0.107162;,
  -0.110384;0.738848;0.168589;,
  -0.097399;0.605608;0.068079;,
  0.001566;0.751773;0.089766;,
  0.001566;0.605586;0.068215;,
  -0.097399;0.752624;0.084627;,
  0.104118;0.605608;0.068079;,
  0.104118;0.752624;0.084627;,
  0.119173;0.598987;0.107162;,
  0.116282;0.738944;0.168005;,
  0.116282;0.601025;0.145147;,
  0.119173;0.746936;0.119786;,
  0.043500;0.595889;0.223703;,
  0.000708;0.594078;0.234626;,
  -0.047902;0.592610;0.195921;,
  -0.047902;0.730466;0.219162;,
  -0.047902;0.730466;0.219162;,
  0.001088;0.703166;0.252706;,
  0.050352;0.730524;0.218814;,
  0.050352;0.730524;0.218814;,
  0.043500;0.595889;0.223703;,
  0.050355;0.592817;0.194672;,
  0.043500;0.704976;0.241782;,
  0.050352;0.730524;0.218814;,
  -0.047902;0.730466;0.219162;,
  -0.110384;0.738848;0.168589;,
  -0.085460;0.834842;0.135547;,
  -0.089520;0.810761;0.167208;,
  0.001566;0.751773;0.089766;,
  -0.078855;0.833248;0.103096;,
  -0.033232;0.843783;0.101572;,
  0.085281;0.833248;0.103096;,
  0.038281;0.844048;0.103468;,
  0.096290;0.810862;0.166602;,
  0.092079;0.834842;0.135547;,
  0.104118;0.605608;0.068079;,
  0.119173;0.598987;0.107162;,
  0.001566;0.605586;0.068215;,
  0.104118;0.752624;0.084627;,
  0.104118;0.605608;0.068079;,
  0.085281;0.833248;0.103096;,
  0.038281;0.844048;0.103468;,
  0.085281;0.833248;0.103096;,
  -0.033232;0.843783;0.101572;,
  -0.078855;0.833248;0.103096;,
  -0.097399;0.752624;0.084627;,
  -0.078855;0.833248;0.103096;,
  -0.097399;0.605608;0.068079;,
  -0.097399;0.605608;0.068079;,
  0.116282;0.738944;0.168005;,
  0.106617;0.711963;0.219884;,
  0.072401;0.602098;0.213047;,
  0.106646;0.604135;0.200756;,
  0.072396;0.709703;0.233520;,
  0.116282;0.601025;0.145147;,
  -0.110384;0.738848;0.168589;,
  -0.105411;0.709725;0.219453;,
  -0.071677;0.602000;0.214977;,
  -0.071677;0.704899;0.232818;,
  -0.110384;0.600928;0.145730;,
  -0.104178;0.604037;0.202682;,
  -0.121426;0.609372;0.170496;,
  0.106646;0.604135;0.200756;,
  0.072401;0.602098;0.213047;,
  0.106617;0.711963;0.219884;,
  0.116282;0.738944;0.168005;,
  0.127282;0.609066;0.171007;,
  0.127282;0.717096;0.188912;,
  0.127282;0.717096;0.188912;,
  0.072396;0.709703;0.233520;,
  0.116282;0.601025;0.145147;,
  0.127282;0.609066;0.171007;,
  -0.071677;0.704899;0.232818;,
  -0.121426;0.712899;0.187654;,
  -0.071677;0.602000;0.214977;,
  0.043500;0.704976;0.241782;,
  -0.039634;0.704976;0.241782;,
  -0.039634;0.595889;0.223703;,
  -0.045551;0.770879;0.093015;,
  -0.063784;0.790566;0.066737;,
  -0.046025;0.792125;0.067967;,
  -0.063310;0.769320;0.091785;,
  -0.045985;0.798052;0.099857;,
  -0.064217;0.818237;0.070406;,
  -0.063743;0.796398;0.098721;,
  -0.046459;0.819891;0.071543;,
  -0.045551;0.770879;0.093015;,
  -0.063743;0.796398;0.098721;,
  -0.063310;0.769320;0.091785;,
  -0.045985;0.798052;0.099857;,
  -0.063310;0.769320;0.091785;,
  -0.064217;0.818237;0.070406;,
  -0.063784;0.790566;0.066737;,
  -0.063743;0.796398;0.098721;,
  -0.062549;0.639429;0.076046;,
  -0.044438;0.622731;0.063185;,
  -0.043368;0.637948;0.071342;,
  -0.063620;0.624302;0.067531;,
  -0.046025;0.792125;0.067967;,
  -0.045985;0.798052;0.099857;,
  -0.045551;0.770879;0.093015;,
  -0.046459;0.819891;0.071543;,
  -0.049386;0.796875;0.035954;,
  -0.067144;0.794931;0.036208;,
  -0.049819;0.817971;0.033245;,
  -0.049386;0.796875;0.035954;,
  -0.067578;0.815909;0.033479;,
  -0.049819;0.817971;0.033245;,
  -0.067144;0.794931;0.036208;,
  -0.067578;0.815909;0.033479;,
  -0.041027;0.798622;0.034000;,
  -0.075446;0.794671;0.034483;,
  -0.041413;0.818826;0.031439;,
  -0.041027;0.798622;0.034000;,
  -0.049819;0.817971;0.033245;,
  -0.075831;0.814635;0.031884;,
  -0.067578;0.815909;0.033479;,
  -0.075831;0.814635;0.031884;,
  -0.049819;0.817971;0.033245;,
  -0.041413;0.818826;0.031439;,
  -0.075446;0.794671;0.034483;,
  -0.075831;0.814635;0.031884;,
  -0.075446;0.794671;0.034483;,
  -0.043475;0.784186;0.007814;,
  -0.041027;0.798622;0.034000;,
  -0.077894;0.780928;0.010181;,
  -0.043861;0.798549;0.001634;,
  -0.043475;0.784186;0.007814;,
  -0.041413;0.818826;0.031439;,
  -0.078279;0.795093;0.003821;,
  -0.075831;0.814635;0.031884;,
  -0.043861;0.798549;0.001634;,
  -0.077894;0.780928;0.010181;,
  -0.078279;0.795093;0.003821;,
  -0.049975;0.754868;-0.013524;,
  -0.080945;0.753483;0.000098;,
  -0.054526;0.759253;-0.030500;,
  -0.049975;0.754868;-0.013524;,
  -0.085496;0.757784;-0.017915;,
  -0.054526;0.759253;-0.030500;,
  -0.080945;0.753483;0.000098;,
  -0.085496;0.757784;-0.017915;,
  -0.054698;0.702970;-0.028536;,
  -0.081079;0.706669;-0.009248;,
  -0.060622;0.702802;-0.042166;,
  -0.054698;0.702970;-0.028536;,
  -0.087003;0.706726;-0.024347;,
  -0.060622;0.702802;-0.042166;,
  -0.081079;0.706669;-0.009248;,
  -0.087003;0.706726;-0.024347;,
  -0.081079;0.706669;-0.009248;,
  -0.060496;0.699715;-0.025218;,
  -0.054698;0.702970;-0.028536;,
  -0.074618;0.701614;-0.013049;,
  -0.066961;0.699434;-0.038810;,
  -0.060496;0.699715;-0.025218;,
  -0.060622;0.702802;-0.042166;,
  -0.081083;0.701448;-0.027567;,
  -0.087003;0.706726;-0.024347;,
  -0.066961;0.699434;-0.038810;,
  -0.074618;0.701614;-0.013049;,
  -0.081083;0.701448;-0.027567;,
  -0.067896;0.656982;-0.000052;,
  -0.084297;0.666595;-0.000146;,
  -0.071345;0.647950;-0.017239;,
  -0.067896;0.656982;-0.000052;,
  -0.087746;0.658148;-0.017325;,
  -0.071345;0.647950;-0.017239;,
  -0.084297;0.666595;-0.000146;,
  -0.087746;0.658148;-0.017325;,
  -0.056371;0.643064;0.028801;,
  -0.073580;0.651614;0.029270;,
  -0.061934;0.628929;0.022418;,
  -0.056371;0.643064;0.028801;,
  -0.079143;0.637998;0.022851;,
  -0.061934;0.628929;0.022418;,
  -0.073580;0.651614;0.029270;,
  -0.079143;0.637998;0.022851;,
  -0.043368;0.637948;0.071342;,
  -0.062549;0.639429;0.076046;,
  -0.044438;0.622731;0.063185;,
  -0.043368;0.637948;0.071342;,
  -0.063620;0.624302;0.067531;,
  -0.044438;0.622731;0.063185;,
  -0.062549;0.639429;0.076046;,
  -0.063620;0.624302;0.067531;,
  0.043538;0.770650;0.092981;,
  0.061205;0.790663;0.066704;,
  0.061354;0.769526;0.091876;,
  0.043389;0.791787;0.067809;,
  0.043817;0.797995;0.099889;,
  0.061485;0.817628;0.068746;,
  0.043668;0.818820;0.069767;,
  0.061633;0.796655;0.098618;,
  0.043538;0.770650;0.092981;,
  0.061633;0.796655;0.098618;,
  0.043817;0.797995;0.099889;,
  0.061354;0.769526;0.091876;,
  0.061354;0.769526;0.091876;,
  0.061485;0.817628;0.068746;,
  0.061633;0.796655;0.098618;,
  0.061205;0.790663;0.066704;,
  0.065976;0.639605;0.076952;,
  0.048141;0.621665;0.062328;,
  0.067220;0.623764;0.066782;,
  0.046897;0.637626;0.072131;,
  0.043389;0.791787;0.067809;,
  0.043817;0.797995;0.099889;,
  0.043668;0.818820;0.069767;,
  0.043538;0.770650;0.092981;,
  0.043213;0.796370;0.035779;,
  0.061030;0.794868;0.036160;,
  0.043468;0.816704;0.031445;,
  0.043213;0.796370;0.035779;,
  0.061284;0.815111;0.031797;,
  0.043468;0.816704;0.031445;,
  0.061030;0.794868;0.036160;,
  0.061284;0.815111;0.031797;,
  0.034848;0.797899;0.033766;,
  0.069385;0.794806;0.034496;,
  0.035055;0.817327;0.029584;,
  0.034848;0.797899;0.033766;,
  0.043468;0.816704;0.031445;,
  0.069592;0.814046;0.030259;,
  0.035055;0.817327;0.029584;,
  0.069592;0.814046;0.030259;,
  0.043468;0.816704;0.031445;,
  0.061284;0.815111;0.031797;,
  0.069385;0.794806;0.034496;,
  0.069592;0.814046;0.030259;,
  0.069385;0.794806;0.034496;,
  0.035374;0.783318;0.007658;,
  0.069870;0.780927;0.010269;,
  0.034848;0.797899;0.033766;,
  0.035620;0.796883;-0.000146;,
  0.035374;0.783318;0.007658;,
  0.035055;0.817327;0.029584;,
  0.070116;0.794346;0.002266;,
  0.035620;0.796883;-0.000146;,
  0.069592;0.814046;0.030259;,
  0.069870;0.780927;0.010269;,
  0.070116;0.794346;0.002266;,
  0.039157;0.751940;-0.015084;,
  0.071360;0.755008;-0.004195;,
  0.041967;0.755746;-0.033912;,
  0.039157;0.751940;-0.015084;,
  0.074170;0.759001;-0.023852;,
  0.041967;0.755746;-0.033912;,
  0.071360;0.755008;-0.004195;,
  0.074170;0.759001;-0.023852;,
  0.053788;0.704716;-0.030207;,
  0.076778;0.704650;-0.007548;,
  0.061157;0.702877;-0.044503;,
  0.053788;0.704716;-0.030207;,
  0.084147;0.702806;-0.023570;,
  0.061157;0.702877;-0.044503;,
  0.076778;0.704650;-0.007548;,
  0.084147;0.702806;-0.023570;,
  0.076778;0.704650;-0.007548;,
  0.058143;0.700688;-0.026202;,
  0.070104;0.700595;-0.012252;,
  0.053788;0.704716;-0.030207;,
  0.065998;0.698605;-0.040448;,
  0.058143;0.700688;-0.026202;,
  0.061157;0.702877;-0.044503;,
  0.077960;0.698506;-0.027559;,
  0.065998;0.698605;-0.040448;,
  0.084147;0.702806;-0.023570;,
  0.070104;0.700595;-0.012252;,
  0.077960;0.698506;-0.027559;,
  0.063469;0.657697;-0.006429;,
  0.076891;0.662944;0.005275;,
  0.072456;0.649966;-0.022636;,
  0.063469;0.657697;-0.006429;,
  0.085879;0.655533;-0.011824;,
  0.072456;0.649966;-0.022636;,
  0.076891;0.662944;0.005275;,
  0.085879;0.655533;-0.011824;,
  0.063637;0.641319;0.029508;,
  0.079091;0.651965;0.030104;,
  0.070563;0.627095;0.021479;,
  0.063637;0.641319;0.029508;,
  0.086017;0.638388;0.022030;,
  0.070563;0.627095;0.021479;,
  0.079091;0.651965;0.030104;,
  0.086017;0.638388;0.022030;,
  0.046897;0.637626;0.072131;,
  0.065976;0.639605;0.076952;,
  0.048141;0.621665;0.062328;,
  0.046897;0.637626;0.072131;,
  0.067220;0.623764;0.066782;,
  0.048141;0.621665;0.062328;,
  0.065976;0.639605;0.076952;,
  0.067220;0.623764;0.066782;;
  266;
  3;0,1,2;,
  3;1,0,3;,
  3;1,4,5;,
  3;4,1,3;,
  3;6,7,8;,
  3;7,6,9;,
  3;8,10,11;,
  3;10,8,7;,
  3;10,12,11;,
  3;12,10,13;,
  3;14,15,16;,
  3;15,14,17;,
  3;18,19,20;,
  3;19,18,21;,
  3;22,23,24;,
  3;23,22,25;,
  3;26,27,28;,
  3;27,26,29;,
  3;27,30,28;,
  3;30,27,31;,
  3;32,33,34;,
  3;33,32,35;,
  3;0,36,37;,
  3;38,15,39;,
  3;15,38,16;,
  3;40,41,42;,
  3;43,44,45;,
  3;44,43,46;,
  3;47,11,48;,
  3;11,47,8;,
  3;11,49,48;,
  3;49,11,12;,
  3;25,50,23;,
  3;50,25,51;,
  3;29,52,27;,
  3;52,53,54;,
  3;29,53,52;,
  3;27,55,31;,
  3;27,56,55;,
  3;27,52,56;,
  3;35,57,33;,
  3;57,35,58;,
  3;2,59,60;,
  3;59,2,61;,
  3;32,62,35;,
  3;62,32,63;,
  3;35,64,58;,
  3;64,35,62;,
  3;9,65,7;,
  3;65,9,66;,
  3;67,13,10;,
  3;13,67,68;,
  3;50,69,23;,
  3;69,50,70;,
  3;23,71,24;,
  3;71,23,69;,
  3;72,1,5;,
  3;1,72,61;,
  3;1,61,2;,
  3;73,8,47;,
  3;8,73,6;,
  3;74,75,76;,
  3;75,74,77;,
  3;78,2,60;,
  3;2,78,0;,
  3;22,20,25;,
  3;20,22,18;,
  3;79,80,40;,
  3;39,81,38;,
  3;81,39,82;,
  3;83,84,85;,
  3;0,86,87;,
  3;45,77,43;,
  3;77,45,75;,
  3;42,88,89;,
  3;33,90,34;,
  3;90,33,91;,
  3;89,88,92;,
  3;91,76,90;,
  3;76,91,74;,
  3;88,42,93;,
  3;86,94,95;,
  3;86,0,94;,
  3;40,80,96;,
  3;80,79,97;,
  3;82,21,81;,
  3;21,82,19;,
  3;84,3,98;,
  3;84,83,3;,
  3;42,41,99;,
  3;41,40,100;,
  3;17,44,46;,
  3;44,17,14;,
  3;3,37,101;,
  3;37,3,0;,
  3;56,52,54;,
  3;7,67,10;,
  3;67,7,65;,
  3;102,103,104;,
  3;103,102,105;,
  3;106,107,108;,
  3;107,106,109;,
  3;110,111,112;,
  3;111,110,113;,
  3;114,115,116;,
  3;115,114,117;,
  3;118,119,120;,
  3;119,118,121;,
  3;122,123,124;,
  3;123,122,125;,
  3;103,126,104;,
  3;126,103,127;,
  3;122,128,125;,
  3;128,122,129;,
  3;109,130,107;,
  3;130,109,131;,
  3;115,132,116;,
  3;132,115,133;,
  3;127,134,126;,
  3;134,127,135;,
  3;129,136,128;,
  3;136,129,137;,
  3;138,139,140;,
  3;141,142,143;,
  3;133,144,132;,
  3;144,133,145;,
  3;146,147,148;,
  3;147,146,149;,
  3;137,150,136;,
  3;150,137,151;,
  3;152,153,154;,
  3;153,152,155;,
  3;145,156,144;,
  3;156,145,157;,
  3;149,158,147;,
  3;158,149,159;,
  3;151,160,150;,
  3;160,151,161;,
  3;155,162,153;,
  3;162,155,163;,
  3;157,164,156;,
  3;164,157,165;,
  3;159,166,158;,
  3;166,159,167;,
  3;161,168,160;,
  3;168,161,169;,
  3;163,170,162;,
  3;170,163,171;,
  3;165,172,164;,
  3;172,165,173;,
  3;174,175,176;,
  3;175,174,177;,
  3;169,178,168;,
  3;178,169,179;,
  3;180,181,182;,
  3;181,180,183;,
  3;173,184,172;,
  3;184,173,185;,
  3;177,186,175;,
  3;186,177,187;,
  3;179,188,178;,
  3;188,179,189;,
  3;183,190,181;,
  3;190,183,191;,
  3;185,192,184;,
  3;192,185,193;,
  3;187,194,186;,
  3;194,187,195;,
  3;189,196,188;,
  3;196,189,197;,
  3;191,198,190;,
  3;198,191,199;,
  3;193,200,192;,
  3;200,193,201;,
  3;195,202,194;,
  3;202,195,203;,
  3;197,204,196;,
  3;204,197,205;,
  3;199,206,198;,
  3;206,199,207;,
  3;201,208,200;,
  3;208,201,209;,
  3;210,211,212;,
  3;211,210,213;,
  3;214,215,216;,
  3;215,214,217;,
  3;218,219,220;,
  3;219,218,221;,
  3;222,223,224;,
  3;223,222,225;,
  3;226,227,228;,
  3;227,226,229;,
  3;230,231,232;,
  3;231,230,233;,
  3;211,234,235;,
  3;234,211,213;,
  3;230,236,237;,
  3;236,230,232;,
  3;216,238,239;,
  3;238,216,215;,
  3;223,240,241;,
  3;240,223,225;,
  3;235,242,243;,
  3;242,235,234;,
  3;237,244,245;,
  3;244,237,236;,
  3;246,247,248;,
  3;249,250,251;,
  3;241,252,253;,
  3;252,241,240;,
  3;254,255,256;,
  3;255,254,257;,
  3;245,258,259;,
  3;258,245,244;,
  3;260,261,262;,
  3;261,260,263;,
  3;253,264,265;,
  3;264,253,252;,
  3;256,266,267;,
  3;266,256,255;,
  3;259,268,269;,
  3;268,259,258;,
  3;262,270,271;,
  3;270,262,261;,
  3;265,272,273;,
  3;272,265,264;,
  3;267,274,275;,
  3;274,267,266;,
  3;269,276,277;,
  3;276,269,268;,
  3;271,278,279;,
  3;278,271,270;,
  3;273,280,281;,
  3;280,273,272;,
  3;282,283,284;,
  3;283,282,285;,
  3;277,286,287;,
  3;286,277,276;,
  3;288,289,290;,
  3;289,288,291;,
  3;281,292,293;,
  3;292,281,280;,
  3;284,294,295;,
  3;294,284,283;,
  3;287,296,297;,
  3;296,287,286;,
  3;290,298,299;,
  3;298,290,289;,
  3;293,300,301;,
  3;300,293,292;,
  3;295,302,303;,
  3;302,295,294;,
  3;297,304,305;,
  3;304,297,296;,
  3;299,306,307;,
  3;306,299,298;,
  3;301,308,309;,
  3;308,301,300;,
  3;303,310,311;,
  3;310,303,302;,
  3;305,312,313;,
  3;312,305,304;,
  3;307,314,315;,
  3;314,307,306;,
  3;309,316,317;,
  3;316,309,308;;

  MeshNormals {
   318;
   0.094277;-0.989238;0.111897;,
   -0.075351;-0.995967;-0.048706;,
   0.057938;-0.996848;-0.054202;,
   -0.093903;-0.989241;0.112183;,
   -0.247632;-0.966133;0.072565;,
   -0.137801;-0.985236;-0.101596;,
   0.430830;0.550906;0.714764;,
   0.120575;0.948794;0.291979;,
   0.240897;0.523012;0.817574;,
   0.238921;0.929171;0.282061;,
   -0.129667;0.949202;0.286708;,
   -0.249528;0.524248;0.814187;,
   -0.448408;0.556969;0.699082;,
   -0.251705;0.928989;0.271337;,
   -0.007621;-0.163832;0.986459;,
   -0.759338;-0.106557;0.641913;,
   -0.726692;-0.112322;0.677719;,
   -0.004758;-0.163151;0.986590;,
   -0.998978;0.004709;-0.044962;,
   -0.682566;-0.119296;0.721022;,
   -0.997302;0.012003;-0.072423;,
   -0.663281;-0.128676;0.737225;,
   -0.984376;0.028371;-0.173781;,
   -0.981616;0.104381;-0.159797;,
   -0.987011;0.011932;-0.160207;,
   -0.985309;0.129288;-0.111584;,
   -0.588617;0.097449;-0.802517;,
   -0.004287;0.144571;-0.989485;,
   0.000024;0.145845;-0.989308;,
   -0.593293;0.217430;-0.775066;,
   0.568689;0.104570;-0.815879;,
   0.548591;0.197588;-0.812408;,
   0.988338;0.014737;-0.151565;,
   0.992719;0.113350;-0.040753;,
   0.993079;0.019203;-0.115867;,
   0.977955;0.151712;-0.143481;,
   0.073011;-0.989844;0.121974;,
   0.000767;-0.997832;0.065806;,
   -0.384333;-0.152878;0.910449;,
   -0.311859;-0.160333;0.936503;,
   -0.175146;0.729576;0.661092;,
   -0.000287;0.728045;0.685530;,
   0.166174;0.753891;0.635638;,
   0.244328;-0.165915;0.955393;,
   0.743218;-0.110940;0.659788;,
   0.420864;-0.164441;0.892095;,
   0.777042;-0.102918;0.620978;,
   0.291563;0.220351;0.930826;,
   -0.299147;0.225393;0.927205;,
   -0.591539;0.198785;0.781387;,
   -0.959629;0.262178;-0.101854;,
   -0.956067;0.279101;0.089657;,
   0.008479;0.803411;-0.595364;,
   -0.507346;0.610098;-0.608589;,
   -0.076496;0.749803;-0.657225;,
   0.478537;0.625145;-0.616600;,
   0.074737;0.767704;-0.636431;,
   0.956817;0.276267;0.090436;,
   0.948121;0.307017;-0.082511;,
   0.039255;-0.974685;-0.220108;,
   0.117255;-0.989115;-0.088893;,
   -0.000002;-0.967569;-0.252606;,
   0.548591;0.197588;-0.812408;,
   0.568689;0.104570;-0.815879;,
   0.478537;0.625145;-0.616600;,
   0.074737;0.767704;-0.636431;,
   0.478537;0.625145;-0.616600;,
   -0.076496;0.749803;-0.657225;,
   -0.507346;0.610098;-0.608589;,
   -0.593293;0.217430;-0.775066;,
   -0.507346;0.610098;-0.608589;,
   -0.588617;0.097449;-0.802517;,
   -0.042183;-0.973534;-0.224614;,
   0.572794;0.189772;0.797430;,
   0.629751;-0.140311;0.764020;,
   -0.202754;-0.178436;0.962835;,
   0.615541;-0.134956;0.776464;,
   -0.236436;-0.175048;0.955749;,
   0.218123;-0.972460;0.082125;,
   -0.467426;0.746700;0.473235;,
   -0.369344;0.744532;0.556108;,
   0.191470;-0.165595;0.967428;,
   0.212281;-0.163550;0.963425;,
   -0.247632;-0.966133;0.072565;,
   -0.232525;-0.965387;0.118154;,
   -0.456423;-0.884348;0.098019;,
   0.220818;-0.966572;0.130298;,
   0.159010;-0.944814;0.286431;,
   0.310053;0.792548;0.525104;,
   0.382183;0.788771;0.481431;,
   0.999818;-0.003119;0.018818;,
   0.999957;-0.000789;-0.009206;,
   0.524293;0.711566;0.467750;,
   0.220706;0.707708;0.671147;,
   0.218123;-0.972460;0.082125;,
   0.389112;-0.913535;0.118516;,
   -0.215564;0.608403;0.763792;,
   -0.692651;0.594650;0.408200;,
   -0.160777;-0.950039;0.267540;,
   0.167407;0.633924;0.755060;,
   -0.177341;0.620427;0.763951;,
   -0.082442;-0.986575;0.140970;,
   0.111072;-0.756850;-0.644082;,
   0.109117;-0.909411;-0.401330;,
   0.108475;-0.896479;-0.429604;,
   0.111072;-0.756850;-0.644082;,
   -0.112112;0.785929;0.608068;,
   -0.106671;0.954865;0.277227;,
   -0.112113;0.785929;0.608068;,
   -0.111840;0.942083;0.316184;,
   -0.043063;-0.247123;0.968027;,
   -0.041359;-0.245989;0.968390;,
   -0.045202;-0.248544;0.967565;,
   -0.039225;-0.244568;0.968838;,
   -0.999852;-0.016699;0.004234;,
   -0.998088;-0.019403;0.058691;,
   -0.998641;-0.021917;0.047291;,
   -0.999850;-0.016948;0.003665;,
   0.163428;-0.484593;0.859337;,
   0.165123;-0.483137;0.859833;,
   0.174883;-0.474686;0.862606;,
   0.153643;-0.492938;0.856391;,
   0.998962;0.018304;-0.041706;,
   0.999851;0.016686;-0.004368;,
   0.999844;0.017071;-0.004439;,
   0.998362;0.022370;-0.052656;,
   0.097587;-0.942147;-0.320681;,
   0.103493;-0.952776;-0.285496;,
   0.769484;0.102025;0.630464;,
   0.878142;0.077892;0.472016;,
   -0.108338;0.993150;-0.043778;,
   -0.115774;0.992487;-0.039583;,
   -0.785704;0.057786;0.615898;,
   -0.753572;0.069618;0.653668;,
   0.096228;-0.915121;-0.391527;,
   0.101976;-0.931097;-0.350229;,
   0.718541;0.102030;0.687960;,
   0.824240;0.083391;0.560067;,
   -0.115796;0.976606;-0.181195;,
   -0.115796;0.976606;-0.181195;,
   -0.115796;0.976606;-0.181195;,
   -0.121544;0.987691;-0.098460;,
   -0.121544;0.987691;-0.098460;,
   -0.121544;0.987691;-0.098460;,
   -0.791624;0.063656;0.607683;,
   -0.635607;0.090585;0.766680;,
   0.111606;-0.871994;0.476625;,
   0.113411;-0.766025;0.632727;,
   0.107051;-0.874908;0.472309;,
   0.194369;-0.691084;0.696149;,
   0.989147;-0.031309;-0.143552;,
   0.983497;-0.042520;-0.175858;,
   -0.112613;0.822940;-0.556855;,
   -0.111471;0.670758;-0.733252;,
   -0.107156;0.820272;-0.561847;,
   -0.155374;0.726679;-0.669176;,
   -0.990124;0.031229;0.136669;,
   -0.991822;0.021518;0.125806;,
   0.322673;-0.395694;0.859831;,
   0.423841;-0.302427;0.853754;,
   0.963556;-0.042927;-0.264041;,
   0.960848;-0.027671;-0.275690;,
   -0.320410;0.378507;-0.868372;,
   -0.384913;0.426760;-0.818363;,
   -0.971301;-0.000415;0.237852;,
   -0.965902;-0.002938;0.258891;,
   0.500846;-0.215028;0.838401;,
   0.567364;-0.162788;0.807217;,
   0.767249;-0.562682;-0.307763;,
   0.803444;-0.483963;-0.346780;,
   -0.477277;0.194713;-0.856909;,
   -0.521873;0.226323;-0.822451;,
   -0.845977;-0.433104;0.311036;,
   -0.808542;-0.485694;0.332207;,
   0.637999;0.157238;0.753813;,
   0.611323;-0.006861;0.791351;,
   0.563509;-0.182437;0.805713;,
   0.610733;0.302056;0.731961;,
   0.672415;-0.675716;-0.302102;,
   0.755307;-0.581571;-0.302136;,
   -0.579734;0.170635;-0.796738;,
   -0.594837;-0.103018;-0.797218;,
   -0.568508;-0.143237;-0.810112;,
   -0.571591;0.145474;-0.807541;,
   -0.887406;-0.259909;0.380734;,
   -0.890219;-0.302423;0.340661;,
   0.473925;0.711865;0.518307;,
   0.316087;0.563592;0.763186;,
   0.977018;-0.125854;-0.172040;,
   0.977578;-0.091898;-0.189461;,
   -0.406001;-0.543378;-0.734781;,
   -0.425956;-0.707446;-0.563987;,
   -0.973754;0.007607;0.227478;,
   -0.977978;0.098689;0.183902;,
   0.452036;0.888627;0.077497;,
   0.407800;0.893145;0.189714;,
   0.911183;-0.131614;-0.390414;,
   0.904068;-0.134086;-0.405810;,
   -0.465983;-0.855277;-0.226632;,
   -0.415867;-0.891361;-0.180363;,
   -0.934026;0.203018;0.293904;,
   -0.931663;0.201694;0.302197;,
   0.204073;0.964642;0.166791;,
   0.128923;0.966623;0.221401;,
   0.950373;0.034949;-0.309142;,
   0.955727;0.083938;-0.282030;,
   -0.192165;-0.975487;-0.107229;,
   -0.104853;-0.988893;-0.105340;,
   -0.954074;-0.027062;0.298347;,
   -0.948973;-0.101000;0.298745;,
   -0.087851;-0.763119;-0.640260;,
   -0.084052;-0.912098;-0.401265;,
   -0.087849;-0.763119;-0.640259;,
   -0.082745;-0.908220;-0.410231;,
   0.097704;0.815944;0.569816;,
   0.081440;0.962638;0.258257;,
   0.083748;0.958633;0.272047;,
   0.101969;0.814406;0.571266;,
   0.046941;-0.242709;0.968963;,
   0.048565;-0.243764;0.968618;,
   0.050597;-0.245083;0.968181;,
   0.044890;-0.241375;0.969393;,
   0.999897;-0.008314;-0.011661;,
   0.999912;-0.010087;-0.008620;,
   0.999916;-0.007704;-0.010393;,
   0.999894;-0.009514;-0.011027;,
   -0.144978;-0.534573;0.832594;,
   -0.145641;-0.534078;0.832796;,
   -0.133844;-0.542811;0.829121;,
   -0.156754;-0.525717;0.836092;,
   -0.999911;0.009649;0.009193;,
   -0.999898;0.008138;0.011766;,
   -0.999924;0.009778;0.007537;,
   -0.999903;0.007188;0.011950;,
   -0.071796;-0.945322;-0.318137;,
   -0.078046;-0.958250;-0.275073;,
   -0.725822;0.151146;0.671071;,
   -0.849820;0.120621;0.513085;,
   0.082471;0.994851;-0.058908;,
   0.089988;0.994402;-0.055377;,
   0.831082;0.108324;0.545498;,
   0.764269;0.128953;0.631874;,
   -0.070685;-0.918285;-0.389560;,
   -0.076319;-0.934303;-0.348213;,
   -0.720561;0.152371;0.676443;,
   -0.791150;0.136597;0.596174;,
   0.096065;0.990025;-0.103062;,
   0.096065;0.990025;-0.103062;,
   0.096065;0.990025;-0.103062;,
   0.091127;0.978372;-0.185700;,
   0.091127;0.978372;-0.185700;,
   0.091127;0.978372;-0.185700;,
   0.802920;0.117886;0.584313;,
   0.678436;0.151194;0.718933;,
   -0.093161;-0.867154;0.489249;,
   -0.098845;-0.750539;0.653392;,
   -0.135102;-0.721277;0.679343;,
   -0.088196;-0.870416;0.484353;,
   -0.997688;-0.019258;-0.065174;,
   -0.996438;-0.022871;-0.081167;,
   0.094210;0.818105;-0.567300;,
   0.098272;0.713697;-0.693527;,
   0.114917;0.731352;-0.672249;,
   0.088632;0.815352;-0.572142;,
   0.998849;0.009568;0.047000;,
   0.998564;0.003550;0.053449;,
   -0.217666;-0.456930;0.862460;,
   -0.333394;-0.396054;0.855564;,
   -0.965340;-0.190371;-0.178541;,
   -0.974464;-0.121103;-0.189090;,
   0.228355;0.363107;-0.903331;,
   0.303168;0.416330;-0.857180;,
   0.988352;0.050358;0.143615;,
   0.981054;0.064868;0.182550;,
   -0.554784;-0.221024;0.802099;,
   -0.696897;-0.122034;0.706712;,
   -0.766427;-0.573770;-0.288752;,
   -0.804654;-0.475296;-0.355846;,
   0.529218;0.264137;-0.806325;,
   0.627306;0.365464;-0.687695;,
   0.840823;-0.375608;0.389788;,
   0.752526;-0.504675;0.423094;,
   -0.705928;0.300387;0.641430;,
   -0.721463;0.051324;0.690548;,
   -0.708054;0.338888;0.619528;,
   -0.701136;-0.050740;0.711220;,
   -0.741001;-0.590459;-0.319806;,
   -0.771425;-0.541041;-0.334930;,
   0.715145;0.045390;-0.697501;,
   0.689652;-0.186574;-0.699693;,
   0.725735;0.081787;-0.683096;,
   0.647623;-0.270981;-0.712147;,
   0.815483;-0.364203;0.449826;,
   0.823172;-0.340837;0.454113;,
   -0.690134;0.436997;0.576844;,
   -0.652760;0.552129;0.518708;,
   -0.877453;-0.344657;-0.333598;,
   -0.883445;-0.363166;-0.296033;,
   0.664904;-0.505394;-0.549982;,
   0.663420;-0.440336;-0.604962;,
   0.850672;0.458653;0.256895;,
   0.886125;0.369023;0.280364;,
   -0.574293;0.815658;0.069925;,
   -0.514688;0.832322;0.205757;,
   -0.904330;-0.290811;-0.312437;,
   -0.915911;-0.203234;-0.346126;,
   0.583285;-0.777578;-0.234842;,
   0.533630;-0.830523;-0.159593;,
   0.904345;0.336261;0.262848;,
   0.927665;0.279340;0.247805;,
   -0.250468;0.958639;0.135196;,
   -0.153608;0.965202;0.211637;,
   -0.920218;0.089085;-0.381135;,
   -0.925325;0.143426;-0.351003;,
   0.228240;-0.972070;-0.054646;,
   0.123830;-0.990258;-0.063687;,
   0.937540;-0.055920;0.343354;,
   0.928207;-0.146616;0.341959;;
   266;
   3;0,1,2;,
   3;1,0,3;,
   3;1,4,5;,
   3;4,1,3;,
   3;6,7,8;,
   3;7,6,9;,
   3;8,10,11;,
   3;10,8,7;,
   3;10,12,11;,
   3;12,10,13;,
   3;14,15,16;,
   3;15,14,17;,
   3;18,19,20;,
   3;19,18,21;,
   3;22,23,24;,
   3;23,22,25;,
   3;26,27,28;,
   3;27,26,29;,
   3;27,30,28;,
   3;30,27,31;,
   3;32,33,34;,
   3;33,32,35;,
   3;0,36,37;,
   3;38,15,39;,
   3;15,38,16;,
   3;40,41,42;,
   3;43,44,45;,
   3;44,43,46;,
   3;47,11,48;,
   3;11,47,8;,
   3;11,49,48;,
   3;49,11,12;,
   3;25,50,23;,
   3;50,25,51;,
   3;29,52,27;,
   3;52,53,54;,
   3;29,53,52;,
   3;27,55,31;,
   3;27,56,55;,
   3;27,52,56;,
   3;35,57,33;,
   3;57,35,58;,
   3;2,59,60;,
